5381.0 6.96e-05
5382.0 9.68e-05
5383.0 0.000124019
5384.0 0.000151253
5385.0 0.000178497
5386.0 0.000205749
5387.0 0.00023301
5388.0 0.00026028
5389.0 0.000287557
5390.0 0.000314843
5391.0 0.000342122
5392.0 0.000369405
5393.0 0.000396694
5394.0 0.000423989
5395.0 0.00045129
5396.0 0.000478597
5397.0 0.000505908
5398.0 0.000533227
5399.0 0.00056055
5400.0 0.00058788
5401.0 0.000615267
5402.0 0.000642664
5403.0 0.000670071
5404.0 0.000697489
5405.0 0.000724915
5406.0 0.000752354
5407.0 0.000779802
5408.0 0.000807259
5409.0 0.000834728
5410.0 0.000862206
5411.0 0.000889674
5412.0 0.000917153
5413.0 0.00094464
5414.0 0.000972135
5415.0 0.000999641
5416.0 0.001027154
5417.0 0.001054676
5418.0 0.001082208
5419.0 0.001109743
5420.0 0.001137293
5421.0 0.001257777
5422.0 0.001378292
5423.0 0.001498829
5424.0 0.001619389
5425.0 0.001739969
5426.0 0.001860576
5427.0 0.001981214
5428.0 0.002101869
5429.0 0.002222549
5430.0 0.002343256
5431.0 0.002464127
5432.0 0.002585036
5433.0 0.00270598
5434.0 0.002826965
5435.0 0.002947985
5436.0 0.003069043
5437.0 0.003190146
5438.0 0.003311275
5439.0 0.003432447
5440.0 0.003553656
5441.0 0.00387601
5442.0 0.004198424
5443.0 0.004520923
5444.0 0.004843471
5445.0 0.005166098
5446.0 0.005488795
5447.0 0.005811568
5448.0 0.006134389
5449.0 0.006457285
5450.0 0.006780259
5451.0 0.007274852
5452.0 0.007769564
5453.0 0.008264451
5454.0 0.008759467
5455.0 0.009254627
5456.0 0.009749933
5457.0 0.010245397
5458.0 0.010740995
5459.0 0.011236739
5460.0 0.011732629
5461.0 0.012503007
5462.0 0.013273522
5463.0 0.014044186
5464.0 0.014814969
5465.0 0.015585866
5466.0 0.016356916
5467.0 0.017128104
5468.0 0.017899399
5469.0 0.018670828
5470.0 0.019442386
5471.0 0.020564227
5472.0 0.021686387
5473.0 0.022808978
5474.0 0.023931887
5475.0 0.025055196
5476.0 0.02617882
5477.0 0.02730284
5478.0 0.028427201
5479.0 0.029551966
5480.0 0.030677138
5481.0 0.031868109
5482.0 0.033059246
5483.0 0.034250611
5484.0 0.035441988
5485.0 0.036633493
5486.0 0.037825176
5487.0 0.039017004
5488.0 0.040208965
5489.0 0.041400953
5490.0 0.042593129
5491.0 0.04342321
5492.0 0.044253374
5493.0 0.045083624
5494.0 0.045913909
5495.0 0.046744284
5496.0 0.047574744
5497.0 0.048405291
5498.0 0.049235933
5499.0 0.050066651
5500.0 0.050897467
5501.0 0.052417249
5502.0 0.053937418
5503.0 0.055458367
5504.0 0.056979748
5505.0 0.058501837
5506.0 0.060024366
5507.0 0.061547536
5508.0 0.063071211
5509.0 0.064595462
5510.0 0.066120354
5511.0 0.068584925
5512.0 0.071049336
5513.0 0.073513903
5514.0 0.075978536
5515.0 0.078443364
5516.0 0.080908059
5517.0 0.083372943
5518.0 0.085838099
5519.0 0.088302927
5520.0 0.090768045
5521.0 0.09298073
5522.0 0.095193607
5523.0 0.097406962
5524.0 0.099620719
5525.0 0.101834857
5526.0 0.10404925
5527.0 0.106264184
5528.0 0.108479335
5529.0 0.110694884
5530.0 0.112910807
5531.0 0.11495335
5532.0 0.116996063
5533.0 0.119039409
5534.0 0.121082634
5535.0 0.123126157
5536.0 0.125170305
5537.0 0.127214626
5538.0 0.129259288
5539.0 0.131303937
5540.0 0.133349227
5541.0 0.135039866
5542.0 0.13673074
5543.0 0.138421501
5544.0 0.140112313
5545.0 0.141803142
5546.0 0.143493719
5547.0 0.145184643
5548.0 0.146875659
5549.0 0.148566335
5550.0 0.150257614
5551.0 0.15218711
5552.0 0.154117187
5553.0 0.156047879
5554.0 0.157978987
5555.0 0.159910897
5556.0 0.161843824
5557.0 0.163776899
5558.0 0.165710453
5559.0 0.167644757
5560.0 0.169579284
5561.0 0.171365952
5562.0 0.173152561
5563.0 0.174939367
5564.0 0.17672633
5565.0 0.178513463
5566.0 0.180300321
5567.0 0.182088023
5568.0 0.183875224
5569.0 0.185662809
5570.0 0.18745077
5571.0 0.189180517
5572.0 0.19091041
5573.0 0.192639921
5574.0 0.194369363
5575.0 0.196098444
5576.0 0.19782812
5577.0 0.199556929
5578.0 0.201285923
5579.0 0.203014272
5580.0 0.20474276
5581.0 0.205925643
5582.0 0.207108161
5583.0 0.208291272
5584.0 0.209474547
5585.0 0.210657163
5586.0 0.21184041
5587.0 0.213023561
5588.0 0.214206822
5589.0 0.215390193
5590.0 0.21657398
5591.0 0.217036048
5592.0 0.217498519
5593.0 0.217961312
5594.0 0.218424298
5595.0 0.218887085
5596.0 0.219349735
5597.0 0.219813021
5598.0 0.220276106
5599.0 0.220738837
5600.0 0.221202158
5601.0 0.222487383
5602.0 0.223772868
5603.0 0.225058361
5604.0 0.226344434
5605.0 0.22763075
5606.0 0.228916777
5607.0 0.23020366
5608.0 0.231490249
5609.0 0.232777683
5610.0 0.234064518
5611.0 0.235405155
5612.0 0.236746151
5613.0 0.238087328
5614.0 0.239428539
5615.0 0.240770697
5616.0 0.242113013
5617.0 0.243455084
5618.0 0.244798768
5619.0 0.246141615
5620.0 0.247485495
5621.0 0.249455266
5622.0 0.251426096
5623.0 0.25339645
5624.0 0.255367558
5625.0 0.257338218
5626.0 0.259309601
5627.0 0.261280899
5628.0 0.263252284
5629.0 0.265224191
5630.0 0.267195849
5631.0 0.268307404
5632.0 0.269420407
5633.0 0.270532665
5634.0 0.271645733
5635.0 0.272758965
5636.0 0.273872402
5637.0 0.274985674
5638.0 0.2760995
5639.0 0.277212825
5640.0 0.278326996
5641.0 0.279405121
5642.0 0.280483795
5643.0 0.281563463
5644.0 0.282642357
5645.0 0.283721761
5646.0 0.284801784
5647.0 0.285880955
5648.0 0.28696143
5649.0 0.288041799
5650.0 0.289122772
5651.0 0.289407865
5652.0 0.289692994
5653.0 0.289978096
5654.0 0.29026367
5655.0 0.290548891
5656.0 0.290834497
5657.0 0.291120163
5658.0 0.291405496
5659.0 0.291691565
5660.0 0.291977345
5661.0 0.292839101
5662.0 0.293700946
5663.0 0.294563783
5664.0 0.295426006
5665.0 0.296289159
5666.0 0.297152137
5667.0 0.298015295
5668.0 0.298878631
5669.0 0.29974246
5670.0 0.300605795
5671.0 0.301788542
5672.0 0.302972356
5673.0 0.304156881
5674.0 0.305340979
5675.0 0.306525513
5676.0 0.3077103
5677.0 0.308896262
5678.0 0.31008174
5679.0 0.31126833
5680.0 0.312454569
5681.0 0.312422825
5682.0 0.312391118
5683.0 0.31235896
5684.0 0.312327518
5685.0 0.31229532
5686.0 0.312263371
5687.0 0.3122323
5688.0 0.312199914
5689.0 0.312167986
5690.0 0.312136353
5691.0 0.311728465
5692.0 0.311320135
5693.0 0.310912431
5694.0 0.310504285
5695.0 0.310096763
5696.0 0.309688359
5697.0 0.30927993
5698.0 0.308872146
5699.0 0.308463137
5700.0 0.308055186
5701.0 0.307320492
5702.0 0.306585969
5703.0 0.305851453
5704.0 0.305115961
5705.0 0.304380523
5706.0 0.303644455
5707.0 0.302909546
5708.0 0.302172515
5709.0 0.301435917
5710.0 0.300699794
5711.0 0.301351865
5712.0 0.302003767
5713.0 0.302656494
5714.0 0.30330869
5715.0 0.3039621
5716.0 0.304615728
5717.0 0.305269074
5718.0 0.305922547
5719.0 0.306576581
5720.0 0.307231132
5721.0 0.308497866
5722.0 0.309766122
5723.0 0.311033041
5724.0 0.312300263
5725.0 0.31356709
5726.0 0.314834952
5727.0 0.316101881
5728.0 0.317369928
5729.0 0.318637109
5730.0 0.319904226
5731.0 0.321372087
5732.0 0.32283973
5733.0 0.324309035
5734.0 0.32577807
5735.0 0.327247951
5736.0 0.328718754
5737.0 0.330189302
5738.0 0.331661937
5739.0 0.333134292
5740.0 0.334607132
5741.0 0.335443133
5742.0 0.33628115
5743.0 0.337117529
5744.0 0.337954323
5745.0 0.338791511
5746.0 0.33962869
5747.0 0.340465809
5748.0 0.341303811
5749.0 0.342140966
5750.0 0.342978496
5751.0 0.342800409
5752.0 0.342622526
5753.0 0.342443339
5754.0 0.342264382
5755.0 0.342086597
5756.0 0.341907815
5757.0 0.341729746
5758.0 0.341550732
5759.0 0.341371945
5760.0 0.341194352
5761.0 0.340978604
5762.0 0.340764067
5763.0 0.340549926
5764.0 0.340334609
5765.0 0.340119992
5766.0 0.339905467
5767.0 0.339691717
5768.0 0.339477602
5769.0 0.339263425
5770.0 0.339048784
5771.0 0.339254773
5772.0 0.339460445
5773.0 0.339666177
5774.0 0.339872401
5775.0 0.340078179
5776.0 0.340284526
5777.0 0.340490503
5778.0 0.340697707
5779.0 0.34090467
5780.0 0.341111618
5781.0 0.341630101
5782.0 0.342147725
5783.0 0.342666732
5784.0 0.343185465
5785.0 0.343704538
5786.0 0.34422385
5787.0 0.344742399
5788.0 0.345261802
5789.0 0.345781753
5790.0 0.346301352
5791.0 0.347734829
5792.0 0.349168375
5793.0 0.35060274
5794.0 0.352038061
5795.0 0.353472949
5796.0 0.354908345
5797.0 0.356345468
5798.0 0.357782604
5799.0 0.359220202
5800.0 0.360658261
5801.0 0.360619877
5802.0 0.360581142
5803.0 0.360542832
5804.0 0.360504384
5805.0 0.360466523
5806.0 0.36042772
5807.0 0.360389772
5808.0 0.360352275
5809.0 0.360314801
5810.0 0.360276842
5811.0 0.360216797
5812.0 0.360155789
5813.0 0.360095639
5814.0 0.360035009
5815.0 0.359974675
5816.0 0.359915224
5817.0 0.359854385
5818.0 0.359794749
5819.0 0.35973434
5820.0 0.359675053
5821.0 0.359602316
5822.0 0.359529537
5823.0 0.359457169
5824.0 0.359385586
5825.0 0.359313186
5826.0 0.359240637
5827.0 0.359169032
5828.0 0.359096398
5829.0 0.359025053
5830.0 0.358953266
5831.0 0.359647952
5832.0 0.360343988
5833.0 0.361039318
5834.0 0.361735601
5835.0 0.362431445
5836.0 0.363128353
5837.0 0.363824066
5838.0 0.364520684
5839.0 0.36521832
5840.0 0.365915216
5841.0 0.366809406
5842.0 0.36770479
5843.0 0.368599899
5844.0 0.369495717
5845.0 0.370391696
5846.0 0.37128748
5847.0 0.372184389
5848.0 0.373082402
5849.0 0.373979752
5850.0 0.374877765
5851.0 0.375034309
5852.0 0.3751912
5853.0 0.375348245
5854.0 0.375505694
5855.0 0.375662239
5856.0 0.375819717
5857.0 0.375977656
5858.0 0.376135638
5859.0 0.376293634
5860.0 0.376451674
5861.0 0.376081259
5862.0 0.375711142
5863.0 0.375341293
5864.0 0.37497038
5865.0 0.374600235
5866.0 0.374229885
5867.0 0.37385886
5868.0 0.373488129
5869.0 0.373117277
5870.0 0.372747075
5871.0 0.372274854
5872.0 0.371802409
5873.0 0.371330454
5874.0 0.370858412
5875.0 0.370385871
5876.0 0.369914612
5877.0 0.369442415
5878.0 0.368970623
5879.0 0.368498714
5880.0 0.368027179
5881.0 0.368584879
5882.0 0.369142755
5883.0 0.369700808
5884.0 0.370258983
5885.0 0.370818265
5886.0 0.371377315
5887.0 0.371936543
5888.0 0.372496279
5889.0 0.373056304
5890.0 0.37361648
5891.0 0.374192113
5892.0 0.374768356
5893.0 0.375344935
5894.0 0.375921572
5895.0 0.376499045
5896.0 0.377076216
5897.0 0.377654559
5898.0 0.378233129
5899.0 0.378810949
5900.0 0.379390421
5901.0 0.379432897
5902.0 0.379473527
5903.0 0.379516033
5904.0 0.379558036
5905.0 0.379600097
5906.0 0.379642634
5907.0 0.379685089
5908.0 0.379727125
5909.0 0.379770954
5910.0 0.379813468
5911.0 0.379299116
5912.0 0.37878569
5913.0 0.378271234
5914.0 0.377757089
5915.0 0.377244309
5916.0 0.376730002
5917.0 0.376216612
5918.0 0.375703083
5919.0 0.375189472
5920.0 0.374676219
5921.0 0.3744004
5922.0 0.374123954
5923.0 0.373848258
5924.0 0.373571411
5925.0 0.373295891
5926.0 0.373019221
5927.0 0.372743352
5928.0 0.372467267
5929.0 0.372190638
5930.0 0.371915135
5931.0 0.371433077
5932.0 0.370951719
5933.0 0.370470212
5934.0 0.369988149
5935.0 0.369507162
5936.0 0.369025128
5937.0 0.368543786
5938.0 0.368062373
5939.0 0.367579783
5940.0 0.367097961
5941.0 0.36760309
5942.0 0.368108836
5943.0 0.368614686
5944.0 0.3691211
5945.0 0.369627266
5946.0 0.370133508
5947.0 0.37064078
5948.0 0.371147285
5949.0 0.37165444
5950.0 0.372162082
5951.0 0.373230066
5952.0 0.374298456
5953.0 0.375367198
5954.0 0.376437202
5955.0 0.377507673
5956.0 0.378577139
5957.0 0.379648318
5958.0 0.38071991
5959.0 0.381792277
5960.0 0.382864638
5961.0 0.383644037
5962.0 0.384423794
5963.0 0.385203936
5964.0 0.385984946
5965.0 0.38676626
5966.0 0.38754745
5967.0 0.388329909
5968.0 0.389112787
5969.0 0.389896027
5970.0 0.390679628
5971.0 0.390421893
5972.0 0.390164148
5973.0 0.389905734
5974.0 0.389648224
5975.0 0.389390103
5976.0 0.389131942
5977.0 0.388873656
5978.0 0.388615274
5979.0 0.388357733
5980.0 0.388099639
5981.0 0.387549728
5982.0 0.387001097
5983.0 0.386451422
5984.0 0.38590209
5985.0 0.385351633
5986.0 0.384801069
5987.0 0.384250819
5988.0 0.383701359
5989.0 0.38314991
5990.0 0.382599306
5991.0 0.381612408
5992.0 0.380625216
5993.0 0.379638561
5994.0 0.378649752
5995.0 0.377662363
5996.0 0.376673271
5997.0 0.375684379
5998.0 0.374695437
5999.0 0.373705351
6000.0 0.372715787
6001.0 0.373140758
6002.0 0.373566828
6003.0 0.373992525
6004.0 0.37441834
6005.0 0.374843781
6006.0 0.375269886
6007.0 0.375696054
6008.0 0.376122313
6009.0 0.376547893
6010.0 0.376974854
6011.0 0.377651649
6012.0 0.378328175
6013.0 0.379005672
6014.0 0.379683259
6015.0 0.380360575
6016.0 0.381038424
6017.0 0.381716391
6018.0 0.382393555
6019.0 0.383071281
6020.0 0.383749654
6021.0 0.38515403
6022.0 0.386559426
6023.0 0.387964916
6024.0 0.38937041
6025.0 0.390776443
6026.0 0.392183902
6027.0 0.393591478
6028.0 0.394999914
6029.0 0.396408031
6030.0 0.3978175
6031.0 0.398286142
6032.0 0.398755941
6033.0 0.399225506
6034.0 0.399695271
6035.0 0.400164772
6036.0 0.400634384
6037.0 0.401105217
6038.0 0.401574791
6039.0 0.402046435
6040.0 0.402516936
6041.0 0.40269249
6042.0 0.402869972
6043.0 0.403046104
6044.0 0.403222202
6045.0 0.403398354
6046.0 0.403575411
6047.0 0.403752083
6048.0 0.403927812
6049.0 0.404105034
6050.0 0.404281283
6051.0 0.404294501
6052.0 0.404308678
6053.0 0.404322874
6054.0 0.404336061
6055.0 0.404351147
6056.0 0.404364314
6057.0 0.404377941
6058.0 0.404391616
6059.0 0.404405663
6060.0 0.404418819
6061.0 0.403933536
6062.0 0.40344608
6063.0 0.402960402
6064.0 0.402473168
6065.0 0.401986161
6066.0 0.401498973
6067.0 0.401011137
6068.0 0.400524572
6069.0 0.400036373
6070.0 0.399548514
6071.0 0.399500204
6072.0 0.399451352
6073.0 0.399403463
6074.0 0.399354222
6075.0 0.399306784
6076.0 0.399257907
6077.0 0.39920901
6078.0 0.399160526
6079.0 0.399112108
6080.0 0.399063091
6081.0 0.399322931
6082.0 0.399582297
6083.0 0.399842204
6084.0 0.40010126
6085.0 0.400361783
6086.0 0.400621978
6087.0 0.400880742
6088.0 0.401142512
6089.0 0.401401922
6090.0 0.401661902
6091.0 0.401114479
6092.0 0.40056747
6093.0 0.40001928
6094.0 0.399472398
6095.0 0.398923818
6096.0 0.398376139
6097.0 0.397827774
6098.0 0.397278783
6099.0 0.396730086
6100.0 0.396181737
6101.0 0.394834824
6102.0 0.393489903
6103.0 0.392142844
6104.0 0.390796317
6105.0 0.389448514
6106.0 0.388100369
6107.0 0.38675286
6108.0 0.385404029
6109.0 0.384055327
6110.0 0.382706307
6111.0 0.382652612
6112.0 0.382598008
6113.0 0.38254385
6114.0 0.382489556
6115.0 0.382434768
6116.0 0.38238037
6117.0 0.382325065
6118.0 0.382271472
6119.0 0.382216035
6120.0 0.382161482
6121.0 0.38310614
6122.0 0.384051071
6123.0 0.384996718
6124.0 0.385942751
6125.0 0.38688853
6126.0 0.387834527
6127.0 0.388780824
6128.0 0.389728348
6129.0 0.390674714
6130.0 0.391622367
6131.0 0.392902976
6132.0 0.394184081
6133.0 0.395465143
6134.0 0.396747985
6135.0 0.398029869
6136.0 0.399312594
6137.0 0.400596221
6138.0 0.401879279
6139.0 0.403163762
6140.0 0.404448137
6141.0 0.405878674
6142.0 0.407309677
6143.0 0.408741265
6144.0 0.410173319
6145.0 0.411605308
6146.0 0.413038383
6147.0 0.414471418
6148.0 0.415905425
6149.0 0.417340469
6150.0 0.418774959
6151.0 0.419101399
6152.0 0.419427899
6153.0 0.419753917
6154.0 0.420080509
6155.0 0.420406709
6156.0 0.420732969
6157.0 0.421059683
6158.0 0.421386064
6159.0 0.42171296
6160.0 0.422039948
6161.0 0.421749204
6162.0 0.421458803
6163.0 0.421168744
6164.0 0.420878573
6165.0 0.420587685
6166.0 0.420297168
6167.0 0.420005634
6168.0 0.41971435
6169.0 0.419422924
6170.0 0.419131868
6171.0 0.417985766
6172.0 0.416839189
6173.0 0.415692196
6174.0 0.414544699
6175.0 0.413396815
6176.0 0.412247865
6177.0 0.411099623
6178.0 0.409950343
6179.0 0.408800648
6180.0 0.407650478
6181.0 0.407858878
6182.0 0.408067827
6183.0 0.408276857
6184.0 0.408485385
6185.0 0.408694579
6186.0 0.408904676
6187.0 0.40911336
6188.0 0.409322156
6189.0 0.409530945
6190.0 0.409740373
6191.0 0.409724135
6192.0 0.409708544
6193.0 0.409692779
6194.0 0.409676545
6195.0 0.409660283
6196.0 0.409644053
6197.0 0.409628732
6198.0 0.409612357
6199.0 0.409595514
6200.0 0.409579084
6201.0 0.410459104
6202.0 0.411339184
6203.0 0.41221944
6204.0 0.413099342
6205.0 0.413979773
6206.0 0.414859847
6207.0 0.415739561
6208.0 0.416620402
6209.0 0.417500822
6210.0 0.418381359
6211.0 0.418839285
6212.0 0.4192953
6213.0 0.419752815
6214.0 0.420208473
6215.0 0.420665664
6216.0 0.421122466
6217.0 0.421578699
6218.0 0.422036199
6219.0 0.422493068
6220.0 0.422949606
6221.0 0.423450253
6222.0 0.423950573
6223.0 0.424452081
6224.0 0.424951745
6225.0 0.425452992
6226.0 0.425953971
6227.0 0.426455076
6228.0 0.426956339
6229.0 0.427456721
6230.0 0.427957869
6231.0 0.427705043
6232.0 0.427451715
6233.0 0.427197766
6234.0 0.426944353
6235.0 0.426690868
6236.0 0.426436792
6237.0 0.426183252
6238.0 0.425929183
6239.0 0.425676014
6240.0 0.425420797
6241.0 0.425189316
6242.0 0.424957282
6243.0 0.424724664
6244.0 0.424491435
6245.0 0.424259198
6246.0 0.424026349
6247.0 0.423793464
6248.0 0.423560904
6249.0 0.423326918
6250.0 0.423094827
6251.0 0.423753768
6252.0 0.424413194
6253.0 0.425073863
6254.0 0.425732655
6255.0 0.426393086
6256.0 0.427053642
6257.0 0.427713225
6258.0 0.428372959
6259.0 0.429033396
6260.0 0.429693434
6261.0 0.429938882
6262.0 0.430182881
6263.0 0.430426868
6264.0 0.430671981
6265.0 0.430915119
6266.0 0.431160365
6267.0 0.431405048
6268.0 0.431649352
6269.0 0.431894691
6270.0 0.432139128
6271.0 0.43203396
6272.0 0.431928695
6273.0 0.431823918
6274.0 0.431718952
6275.0 0.431613551
6276.0 0.431507563
6277.0 0.431402952
6278.0 0.431297294
6279.0 0.43119163
6280.0 0.43108581
6281.0 0.430826991
6282.0 0.430568044
6283.0 0.430309152
6284.0 0.430050651
6285.0 0.429791135
6286.0 0.429532133
6287.0 0.429273492
6288.0 0.429013409
6289.0 0.428755273
6290.0 0.428496002
6291.0 0.426863672
6292.0 0.425231395
6293.0 0.423598928
6294.0 0.421966058
6295.0 0.420332996
6296.0 0.418698995
6297.0 0.417064776
6298.0 0.415430662
6299.0 0.413796265
6300.0 0.412162025
6301.0 0.410760338
6302.0 0.40935982
6303.0 0.407959064
6304.0 0.406557578
6305.0 0.405156837
6306.0 0.403753962
6307.0 0.402352259
6308.0 0.400950346
6309.0 0.399547685
6310.0 0.39814527
6311.0 0.397535511
6312.0 0.396925667
6313.0 0.396315512
6314.0 0.395705188
6315.0 0.395094722
6316.0 0.394484899
6317.0 0.393873057
6318.0 0.393262892
6319.0 0.39265155
6320.0 0.39203962
6321.0 0.392817447
6322.0 0.393594963
6323.0 0.394373734
6324.0 0.395151717
6325.0 0.395930425
6326.0 0.396709298
6327.0 0.397488448
6328.0 0.39826731
6329.0 0.3990469
6330.0 0.399826201
6331.0 0.402006056
6332.0 0.404185571
6333.0 0.406365853
6334.0 0.408547774
6335.0 0.410729481
6336.0 0.412911871
6337.0 0.415095471
6338.0 0.417279283
6339.0 0.419463895
6340.0 0.421649608
6341.0 0.422331432
6342.0 0.4230137
6343.0 0.423696533
6344.0 0.424379334
6345.0 0.425061256
6346.0 0.425743655
6347.0 0.426426623
6348.0 0.427109103
6349.0 0.427791578
6350.0 0.428474533
6351.0 0.429687819
6352.0 0.430900909
6353.0 0.432114807
6354.0 0.433329029
6355.0 0.434544065
6356.0 0.435758994
6357.0 0.436974122
6358.0 0.438188176
6359.0 0.439405003
6360.0 0.44062066
6361.0 0.440655905
6362.0 0.440690621
6363.0 0.44072643
6364.0 0.440761116
6365.0 0.440795866
6366.0 0.440831116
6367.0 0.440866367
6368.0 0.440900557
6369.0 0.440935841
6370.0 0.440970564
6371.0 0.440240778
6372.0 0.439511633
6373.0 0.438780703
6374.0 0.438049856
6375.0 0.437319336
6376.0 0.436588369
6377.0 0.435856152
6378.0 0.435124076
6379.0 0.434392199
6380.0 0.433659477
6381.0 0.434204591
6382.0 0.43475031
6383.0 0.435296202
6384.0 0.435842762
6385.0 0.436388479
6386.0 0.436934277
6387.0 0.437481208
6388.0 0.438027818
6389.0 0.438575131
6390.0 0.439120943
6391.0 0.439493199
6392.0 0.439864481
6393.0 0.440237369
6394.0 0.440608255
6395.0 0.440979657
6396.0 0.441351577
6397.0 0.441723143
6398.0 0.442095665
6399.0 0.442466799
6400.0 0.442839987
6401.0 0.44268381
6402.0 0.442529102
6403.0 0.442374394
6404.0 0.442219121
6405.0 0.442063753
6406.0 0.441908447
6407.0 0.441754076
6408.0 0.441599204
6409.0 0.441442147
6410.0 0.441286742
6411.0 0.441306238
6412.0 0.441325784
6413.0 0.441345788
6414.0 0.441365344
6415.0 0.441385357
6416.0 0.4414038
6417.0 0.441423791
6418.0 0.441443303
6419.0 0.441462181
6420.0 0.441481141
6421.0 0.440561137
6422.0 0.439639943
6423.0 0.438719954
6424.0 0.437799368
6425.0 0.436879331
6426.0 0.435956698
6427.0 0.435036586
6428.0 0.434115945
6429.0 0.433195327
6430.0 0.432274672
6431.0 0.431760979
6432.0 0.431247724
6433.0 0.430734387
6434.0 0.430222065
6435.0 0.42970811
6436.0 0.429194592
6437.0 0.428681599
6438.0 0.428167525
6439.0 0.427654369
6440.0 0.427141162
6441.0 0.427216359
6442.0 0.427291109
6443.0 0.427366772
6444.0 0.427442531
6445.0 0.427516726
6446.0 0.427592921
6447.0 0.427667763
6448.0 0.427741947
6449.0 0.427817678
6450.0 0.427893475
6451.0 0.427977034
6452.0 0.428062022
6453.0 0.428146535
6454.0 0.428229576
6455.0 0.428315136
6456.0 0.428398739
6457.0 0.428483288
6458.0 0.428567847
6459.0 0.428652445
6460.0 0.428736023
6461.0 0.429738865
6462.0 0.430741621
6463.0 0.431744261
6464.0 0.432746296
6465.0 0.433748303
6466.0 0.434750161
6467.0 0.435752545
6468.0 0.436753672
6469.0 0.43775579
6470.0 0.438757327
6471.0 0.439431529
6472.0 0.440106849
6473.0 0.440780303
6474.0 0.441454814
6475.0 0.44213001
6476.0 0.442804862
6477.0 0.443479243
6478.0 0.44415431
6479.0 0.444828999
6480.0 0.445504753
6481.0 0.444816415
6482.0 0.444129162
6483.0 0.44344089
6484.0 0.442752042
6485.0 0.442064837
6486.0 0.441376587
6487.0 0.440688792
6488.0 0.44000064
6489.0 0.439313436
6490.0 0.438624761
6491.0 0.437379965
6492.0 0.436135117
6493.0 0.434888649
6494.0 0.433644587
6495.0 0.432398359
6496.0 0.431153118
6497.0 0.429907187
6498.0 0.428660629
6499.0 0.427415442
6500.0 0.426168724
6501.0 0.424459019
6502.0 0.422747449
6503.0 0.421035578
6504.0 0.419324354
6505.0 0.417611788
6506.0 0.415899421
6507.0 0.414187128
6508.0 0.412473594
6509.0 0.410760193
6510.0 0.409046486
6511.0 0.408472844
6512.0 0.407899631
6513.0 0.407326441
6514.0 0.4067527
6515.0 0.406179874
6516.0 0.405605552
6517.0 0.405032686
6518.0 0.404458385
6519.0 0.403885394
6520.0 0.403311457
6521.0 0.403490385
6522.0 0.403668785
6523.0 0.403847595
6524.0 0.404025532
6525.0 0.404204252
6526.0 0.40438264
6527.0 0.404560926
6528.0 0.404739252
6529.0 0.404917562
6530.0 0.405096254
6531.0 0.405538609
6532.0 0.405980999
6533.0 0.406423396
6534.0 0.406865799
6535.0 0.407308152
6536.0 0.407750138
6537.0 0.408193426
6538.0 0.408635886
6539.0 0.409078757
6540.0 0.409520711
6541.0 0.411445707
6542.0 0.413370853
6543.0 0.415297138
6544.0 0.417223126
6545.0 0.419151347
6546.0 0.421078614
6547.0 0.423007591
6548.0 0.424937273
6549.0 0.426867569
6550.0 0.428797148
6551.0 0.429374849
6552.0 0.429950496
6553.0 0.430527148
6554.0 0.431103716
6555.0 0.431680321
6556.0 0.432255865
6557.0 0.432833428
6558.0 0.43340889
6559.0 0.433985887
6560.0 0.434561789
6561.0 0.434655705
6562.0 0.434748096
6563.0 0.434841906
6564.0 0.434935325
6565.0 0.435028721
6566.0 0.435122155
6567.0 0.435215045
6568.0 0.435307973
6569.0 0.435401338
6570.0 0.435495326
6571.0 0.435098355
6572.0 0.434699402
6573.0 0.434303007
6574.0 0.43390503
6575.0 0.433508686
6576.0 0.433110825
6577.0 0.432713924
6578.0 0.432316057
6579.0 0.431919209
6580.0 0.431521367
6581.0 0.432178533
6582.0 0.432833779
6583.0 0.433490521
6584.0 0.434147388
6585.0 0.434803796
6586.0 0.435460296
6587.0 0.436116274
6588.0 0.436773421
6589.0 0.437430106
6590.0 0.438086823
6591.0 0.437757833
6592.0 0.437427373
6593.0 0.43709788
6594.0 0.436767905
6595.0 0.436438804
6596.0 0.436109835
6597.0 0.435778694
6598.0 0.435449623
6599.0 0.435119458
6600.0 0.434788844
6601.0 0.43584877
6602.0 0.43690827
6603.0 0.437967956
6604.0 0.439027304
6605.0 0.44008727
6606.0 0.441147423
6607.0 0.442208232
6608.0 0.443267667
6609.0 0.44432882
6610.0 0.445389566
6611.0 0.445387068
6612.0 0.445385104
6613.0 0.44538361
6614.0 0.445380638
6615.0 0.445379173
6616.0 0.445378242
6617.0 0.445375707
6618.0 0.445373202
6619.0 0.445371671
6620.0 0.44536973
6621.0 0.445180532
6622.0 0.444991358
6623.0 0.444802114
6624.0 0.444613459
6625.0 0.444424764
6626.0 0.444234934
6627.0 0.444046757
6628.0 0.443856944
6629.0 0.443668251
6630.0 0.443478988
6631.0 0.443643267
6632.0 0.443807619
6633.0 0.443970917
6634.0 0.444135226
6635.0 0.444299075
6636.0 0.444463467
6637.0 0.444627336
6638.0 0.444791654
6639.0 0.444956076
6640.0 0.445120477
6641.0 0.444006268
6642.0 0.442891064
6643.0 0.441776339
6644.0 0.440661964
6645.0 0.439548091
6646.0 0.438433169
6647.0 0.437318131
6648.0 0.436203624
6649.0 0.435088999
6650.0 0.433974317
6651.0 0.434060489
6652.0 0.434146196
6653.0 0.434232324
6654.0 0.434319029
6655.0 0.434405144
6656.0 0.434490794
6657.0 0.434576436
6658.0 0.434663054
6659.0 0.434748653
6660.0 0.434834829
6661.0 0.435076405
6662.0 0.435318666
6663.0 0.435560384
6664.0 0.435802172
6665.0 0.436043969
6666.0 0.436286361
6667.0 0.436528177
6668.0 0.436770187
6669.0 0.437011682
6670.0 0.437254173
6671.0 0.437865765
6672.0 0.438477193
6673.0 0.439089231
6674.0 0.439700546
6675.0 0.44031179
6676.0 0.440923553
6677.0 0.441534621
6678.0 0.442145774
6679.0 0.44275673
6680.0 0.443368678
6681.0 0.443604291
6682.0 0.443839937
6683.0 0.444076119
6684.0 0.444312398
6685.0 0.444548083
6686.0 0.444784367
6687.0 0.445020151
6688.0 0.445256062
6689.0 0.445492385
6690.0 0.445728837
6691.0 0.444956046
6692.0 0.444183778
6693.0 0.443410905
6694.0 0.442637959
6695.0 0.441865597
6696.0 0.441093098
6697.0 0.440321117
6698.0 0.439549029
6699.0 0.438775379
6700.0 0.43800271
6701.0 0.437743285
6702.0 0.437483258
6703.0 0.437223802
6704.0 0.436963837
6705.0 0.436704382
6706.0 0.436445466
6707.0 0.436185456
6708.0 0.435927125
6709.0 0.435667239
6710.0 0.435408384
6711.0 0.434478923
6712.0 0.433549173
6713.0 0.432620756
6714.0 0.431690581
6715.0 0.43076167
6716.0 0.429831068
6717.0 0.428900755
6718.0 0.427970153
6719.0 0.427039322
6720.0 0.426108833
6721.0 0.426415542
6722.0 0.426721815
6723.0 0.427028041
6724.0 0.427333891
6725.0 0.427640177
6726.0 0.427946992
6727.0 0.428253823
6728.0 0.42855964
6729.0 0.428867016
6730.0 0.429173378
6731.0 0.429346723
6732.0 0.429520745
6733.0 0.429694596
6734.0 0.429868487
6735.0 0.43004178
6736.0 0.430215175
6737.0 0.430389006
6738.0 0.430562755
6739.0 0.430736028
6740.0 0.430909737
6741.0 0.431399927
6742.0 0.431888648
6743.0 0.432377364
6744.0 0.432868551
6745.0 0.433357197
6746.0 0.433846909
6747.0 0.434336065
6748.0 0.434826752
6749.0 0.435315377
6750.0 0.435805012
6751.0 0.436484051
6752.0 0.437162747
6753.0 0.437841005
6754.0 0.438520372
6755.0 0.43919837
6756.0 0.439878037
6757.0 0.440556736
6758.0 0.441236613
6759.0 0.441916078
6760.0 0.442595163
6761.0 0.442299111
6762.0 0.442000556
6763.0 0.441703592
6764.0 0.441406189
6765.0 0.441108845
6766.0 0.44081206
6767.0 0.440514868
6768.0 0.440217642
6769.0 0.439920072
6770.0 0.439623495
6771.0 0.439198703
6772.0 0.438775273
6773.0 0.438351433
6774.0 0.437926473
6775.0 0.437502994
6776.0 0.437077994
6777.0 0.436654441
6778.0 0.43622934
6779.0 0.435804666
6780.0 0.43538051
6781.0 0.435244187
6782.0 0.435108962
6783.0 0.43497262
6784.0 0.434836269
6785.0 0.434700954
6786.0 0.434564154
6787.0 0.434428789
6788.0 0.43429191
6789.0 0.434156097
6790.0 0.434019691
6791.0 0.433762848
6792.0 0.433505557
6793.0 0.433247665
6794.0 0.43299049
6795.0 0.432733144
6796.0 0.432475871
6797.0 0.432218091
6798.0 0.431960812
6799.0 0.431704095
6800.0 0.431446353
6801.0 0.432068422
6802.0 0.432690444
6803.0 0.43331193
6804.0 0.433934932
6805.0 0.434556232
6806.0 0.435177576
6807.0 0.43579992
6808.0 0.436421663
6809.0 0.437043298
6810.0 0.437665041
6811.0 0.436851896
6812.0 0.436037896
6813.0 0.435224585
6814.0 0.434411744
6815.0 0.433598574
6816.0 0.432785507
6817.0 0.431973092
6818.0 0.43115919
6819.0 0.430346917
6820.0 0.429535231
6821.0 0.429346193
6822.0 0.429158087
6823.0 0.428969576
6824.0 0.42878148
6825.0 0.428592948
6826.0 0.428404771
6827.0 0.428215674
6828.0 0.428027597
6829.0 0.427839419
6830.0 0.427650747
6831.0 0.427157977
6832.0 0.426666147
6833.0 0.42617432
6834.0 0.425682494
6835.0 0.425190129
6836.0 0.424698368
6837.0 0.424206579
6838.0 0.423714732
6839.0 0.423221929
6840.0 0.422731075
6841.0 0.422200535
6842.0 0.42167018
6843.0 0.421139862
6844.0 0.420610147
6845.0 0.420080052
6846.0 0.419550944
6847.0 0.419020505
6848.0 0.418491676
6849.0 0.417962942
6850.0 0.417432763
6851.0 0.417718886
6852.0 0.418004996
6853.0 0.418291094
6854.0 0.418577653
6855.0 0.418863251
6856.0 0.419148805
6857.0 0.419435327
6858.0 0.419721361
6859.0 0.420007353
6860.0 0.420293898
6861.0 0.420166109
6862.0 0.420038303
6863.0 0.419910451
6864.0 0.419783057
6865.0 0.419655171
6866.0 0.419526851
6867.0 0.419399376
6868.0 0.419271468
6869.0 0.419143454
6870.0 0.419015513
6871.0 0.419198956
6872.0 0.419380929
6873.0 0.419564285
6874.0 0.419748192
6875.0 0.419930568
6876.0 0.420114449
6877.0 0.420297273
6878.0 0.42048059
6879.0 0.420662402
6880.0 0.420845691
6881.0 0.420600126
6882.0 0.420353635
6883.0 0.420107561
6884.0 0.41986104
6885.0 0.419614994
6886.0 0.419368918
6887.0 0.419122335
6888.0 0.418875307
6889.0 0.418628724
6890.0 0.418383179
6891.0 0.417819483
6892.0 0.417255409
6893.0 0.416692288
6894.0 0.416128345
6895.0 0.41556441
6896.0 0.4150011
6897.0 0.414438238
6898.0 0.413874059
6899.0 0.413310858
6900.0 0.412747751
6901.0 0.412390698
6902.0 0.412032733
6903.0 0.411675232
6904.0 0.411317287
6905.0 0.410960388
6906.0 0.410601997
6907.0 0.410245059
6908.0 0.409887679
6909.0 0.409530352
6910.0 0.409173049
6911.0 0.409218864
6912.0 0.409263339
6913.0 0.409308711
6914.0 0.40935408
6915.0 0.40939802
6916.0 0.409443322
6917.0 0.409488271
6918.0 0.40953313
6919.0 0.409576995
6920.0 0.409621409
6921.0 0.410137984
6922.0 0.410654443
6923.0 0.411170436
6924.0 0.41168634
6925.0 0.412201687
6926.0 0.41271797
6927.0 0.413233197
6928.0 0.413747835
6929.0 0.414263971
6930.0 0.414778016
6931.0 0.414788082
6932.0 0.414798583
6933.0 0.414808133
6934.0 0.414817616
6935.0 0.414827179
6936.0 0.414836647
6937.0 0.414845694
6938.0 0.414854172
6939.0 0.414863675
6940.0 0.414872699
6941.0 0.41444281
6942.0 0.414012337
6943.0 0.413582486
6944.0 0.413151994
6945.0 0.412721537
6946.0 0.412290645
6947.0 0.411860579
6948.0 0.411428558
6949.0 0.410998473
6950.0 0.410566379
6951.0 0.40967652
6952.0 0.408785306
6953.0 0.407895387
6954.0 0.4070047
6955.0 0.406115217
6956.0 0.405224538
6957.0 0.404335147
6958.0 0.403446434
6959.0 0.402556993
6960.0 0.401667373
6961.0 0.400446241
6962.0 0.399225458
6963.0 0.398005419
6964.0 0.396785132
6965.0 0.395564686
6966.0 0.394345012
6967.0 0.393125657
6968.0 0.391905617
6969.0 0.390686876
6970.0 0.389467954
6971.0 0.388231935
6972.0 0.386996023
6973.0 0.385760686
6974.0 0.384524907
6975.0 0.383288909
6976.0 0.382054326
6977.0 0.380817189
6978.0 0.379582766
6979.0 0.378346289
6980.0 0.377110332
6981.0 0.375329971
6982.0 0.373548565
6983.0 0.371766947
6984.0 0.369985487
6985.0 0.368202946
6986.0 0.366420198
6987.0 0.364637296
6988.0 0.362854549
6989.0 0.361070819
6990.0 0.35928722
6991.0 0.356500151
6992.0 0.353712428
6993.0 0.350924345
6994.0 0.348137252
6995.0 0.345349457
6996.0 0.342562274
6997.0 0.339774359
6998.0 0.336987487
6999.0 0.334200302
7000.0 0.331413242
7001.0 0.325811157
7002.0 0.320210621
7003.0 0.314611681
7004.0 0.309015062
7005.0 0.303418539
7006.0 0.297823953
7007.0 0.29223091
7008.0 0.286639496
7009.0 0.281049666
7010.0 0.275461086
7011.0 0.268086575
7012.0 0.260714603
7013.0 0.25334258
7014.0 0.245971943
7015.0 0.238602713
7016.0 0.231235172
7017.0 0.223868512
7018.0 0.216503573
7019.0 0.209140029
7020.0 0.201777708
7021.0 0.195836284
7022.0 0.189894993
7023.0 0.183954076
7024.0 0.178014217
7025.0 0.172074746
7026.0 0.166135684
7027.0 0.160197077
7028.0 0.154259638
7029.0 0.148322257
7030.0 0.142385722
7031.0 0.138247335
7032.0 0.134109418
7033.0 0.129971961
7034.0 0.125834965
7035.0 0.121698282
7036.0 0.117562356
7037.0 0.113426199
7038.0 0.109291051
7039.0 0.105156276
7040.0 0.101021812
7041.0 0.09833829
7042.0 0.095655563
7043.0 0.092973483
7044.0 0.090291861
7045.0 0.087610999
7046.0 0.0849307
7047.0 0.082251186
7048.0 0.079572138
7049.0 0.076893967
7050.0 0.074216259
7051.0 0.07178395
7052.0 0.069352189
7053.0 0.066920728
7054.0 0.064489742
7055.0 0.062059387
7056.0 0.059629349
7057.0 0.057199848
7058.0 0.05477069
7059.0 0.052342077
7060.0 0.049913939
7061.0 0.047739232
7062.0 0.045565136
7063.0 0.043391991
7064.0 0.041219514
7065.0 0.039047921
7066.0 0.036877019
7067.0 0.034706939
7068.0 0.032537605
7069.0 0.030369013
7070.0 0.028201251
7071.0 0.026849952
7072.0 0.025498853
7073.0 0.024147894
7074.0 0.022797078
7075.0 0.021446461
7076.0 0.020096018
7077.0 0.018745719
7078.0 0.01739562
7079.0 0.01604565
7080.0 0.014695897
7081.0 0.013979494
7082.0 0.013263204
7083.0 0.012547011
7084.0 0.011830883
7085.0 0.011114865
7086.0 0.010398945
7087.0 0.009683132
7088.0 0.008967382
7089.0 0.008251762
7090.0 0.007536211
7091.0 0.007190406
7092.0 0.006844732
7093.0 0.006499188
7094.0 0.006153767
7095.0 0.005808484
7096.0 0.005463333
7097.0 0.005118305
7098.0 0.004773403
7099.0 0.004428639
7100.0 0.004084
7101.0 0.003924298
7102.0 0.00376464
7103.0 0.003605038
7104.0 0.003445474
7105.0 0.003285954
7106.0 0.00312649
7107.0 0.002967063
7108.0 0.002807691
7109.0 0.002648367
7110.0 0.002489085
7111.0 0.002408013
7112.0 0.002326955
7113.0 0.002245905
7114.0 0.00216487
7115.0 0.002083849
7116.0 0.002002838
7117.0 0.001921843
7118.0 0.001840856
7119.0 0.001759884
7120.0 0.001678922
7121.0 0.001640135
7122.0 0.001601347
7123.0 0.001562564
7124.0 0.001523785
7125.0 0.001485006
7126.0 0.001446232
7127.0 0.001407459
7128.0 0.00136869
7129.0 0.001329922
7130.0 0.001291157
7131.0 0.0012523
7132.0 0.001213453
7133.0 0.001174613
7134.0 0.001135782
7135.0 0.00109696
7136.0 0.001058145
7137.0 0.001019341
7138.0 0.000980547
7139.0 0.00094176
7140.0 0.000902982
7141.0 0.00088727
7142.0 0.000871562
7143.0 0.000855857
7144.0 0.00084016
7145.0 0.000824461
7146.0 0.000808769
7147.0 0.000793079
7148.0 0.000777395
7149.0 0.000761715
7150.0 0.000746038
7151.0 0.000730331
7152.0 0.000714628
7153.0 0.000698931
7154.0 0.00068324
7155.0 0.000667554
7156.0 0.000651873
7157.0 0.0006362
7158.0 0.000620529
7159.0 0.000604864
7160.0 0.000589207
7161.0 0.000573638
7162.0 0.000558071
7163.0 0.000542504
7164.0 0.000526938
7165.0 0.000511374
7166.0 0.000495811
7167.0 0.000480247
7168.0 0.000464684
7169.0 0.000449124
7170.0 0.000433564
7171.0 0.000417973
7172.0 0.000402382
7173.0 0.000386797
7174.0 0.000371216
7175.0 0.000355637
7176.0 0.000340062
7177.0 0.000324491
7178.0 0.000308922
7179.0 0.000293358
7180.0 0.000277797
7181.0 0.00027306
7182.0 0.000268324
7183.0 0.000263589
7184.0 0.000258855
7185.0 0.000254122
7186.0 0.00024939
7187.0 0.000244659
7188.0 0.000239929
7189.0 0.0002352
7190.0 0.000230472
7191.0 0.000225739
7192.0 0.000221008
7193.0 0.000216278
7194.0 0.000211549
7195.0 0.000206821
7196.0 0.000202095
7197.0 0.000197369
7198.0 0.000192645
7199.0 0.000187922
7200.0 0.0001832
7201.0 0.000178475
7202.0 0.000173751
7203.0 0.000169028
7204.0 0.000164306
7205.0 0.000159587
7206.0 0.000154868
7207.0 0.000150151
7208.0 0.000145436
7209.0 0.000140721
7210.0 0.000136008
7211.0 0.000131288
7212.0 0.000126569
7213.0 0.000121852
7214.0 0.000117137
7215.0 0.000112425
7216.0 0.000107714
7217.0 0.000103005
7218.0 9.83e-05
7219.0 9.36e-05
7220.0 8.89e-05
7221.0 8.81e-05
7222.0 8.72e-05
7223.0 8.64e-05
7224.0 8.56e-05
7225.0 8.48e-05
7226.0 8.39e-05
7227.0 8.31e-05
7228.0 8.23e-05
7229.0 8.15e-05
7230.0 8.06e-05
7231.0 7.98e-05
7232.0 7.9e-05
7233.0 7.82e-05
7234.0 7.74e-05
7235.0 7.66e-05
7236.0 7.57e-05
7237.0 7.49e-05
7238.0 7.41e-05
7239.0 7.33e-05
7240.0 7.25e-05
7241.0 7.17e-05
7242.0 7.08e-05
7243.0 7e-05
7244.0 6.92e-05
7245.0 6.84e-05
7246.0 6.76e-05
7247.0 6.68e-05
7248.0 6.6e-05
7249.0 6.51e-05
7250.0 6.43e-05
7251.0 6.35e-05
7252.0 6.27e-05
7253.0 6.19e-05
7254.0 6.11e-05
7255.0 6.02e-05
7256.0 5.94e-05
7257.0 5.86e-05
7258.0 5.78e-05
7259.0 5.7e-05
7260.0 5.62e-05
7261.0 5.54e-05
7262.0 5.46e-05
7263.0 5.38e-05
7264.0 5.31e-05
7265.0 5.23e-05
7266.0 5.15e-05
7267.0 5.07e-05
