3524.0 5.62e-05
3525.0 6.68e-05
3526.0 7.75e-05
3527.0 8.82e-05
3528.0 9.9e-05
3529.0 0.000109899
3530.0 0.000120847
3531.0 0.000131862
3532.0 0.000142947
3533.0 0.000154101
3534.0 0.000165327
3535.0 0.000176623
3536.0 0.000187989
3537.0 0.000199426
3538.0 0.000210933
3539.0 0.00022251
3540.0 0.000234159
3541.0 0.000245825
3542.0 0.000257555
3543.0 0.000269353
3544.0 0.000281216
3545.0 0.000293144
3546.0 0.00030514
3547.0 0.000317201
3548.0 0.000329328
3549.0 0.000341522
3550.0 0.000353778
3551.0 0.000366117
3552.0 0.000378521
3553.0 0.000390993
3554.0 0.00040353
3555.0 0.000416134
3556.0 0.000428808
3557.0 0.000441547
3558.0 0.000454354
3559.0 0.000467228
3560.0 0.00048017
3561.0 0.000498486
3562.0 0.000516893
3563.0 0.000535394
3564.0 0.000553986
3565.0 0.00057267
3566.0 0.000591447
3567.0 0.000610316
3568.0 0.000629277
3569.0 0.00064833
3570.0 0.000667475
3571.0 0.000686736
3572.0 0.000706091
3573.0 0.000725538
3574.0 0.00074508
3575.0 0.000764712
3576.0 0.000784443
3577.0 0.000804265
3578.0 0.000824183
3579.0 0.000844193
3580.0 0.000864299
3581.0 0.000920815
3582.0 0.000977609
3583.0 0.001034673
3584.0 0.001092009
3585.0 0.001149623
3586.0 0.001207497
3587.0 0.001265652
3588.0 0.001324077
3589.0 0.001382773
3590.0 0.001441741
3591.0 0.001567133
3592.0 0.001693129
3593.0 0.001819742
3594.0 0.001946959
3595.0 0.002074781
3596.0 0.002203216
3597.0 0.002332265
3598.0 0.002461918
3599.0 0.002592181
3600.0 0.00272306
3601.0 0.002913242
3602.0 0.003104444
3603.0 0.003296682
3604.0 0.003489917
3605.0 0.003684179
3606.0 0.003879452
3607.0 0.004075762
3608.0 0.004273084
3609.0 0.004471425
3610.0 0.004670785
3611.0 0.004864214
3612.0 0.005058599
3613.0 0.005253961
3614.0 0.005450265
3615.0 0.005647559
3616.0 0.005845806
3617.0 0.00604502
3618.0 0.006245197
3619.0 0.006446355
3620.0 0.006648464
3621.0 0.00686595
3622.0 0.007084458
3623.0 0.007304
3624.0 0.007524531
3625.0 0.007746112
3626.0 0.007968681
3627.0 0.008192286
3628.0 0.008416926
3629.0 0.008642566
3630.0 0.008869245
3631.0 0.009257408
3632.0 0.009647396
3633.0 0.010039186
3634.0 0.01043286
3635.0 0.010828292
3636.0 0.011225588
3637.0 0.011624684
3638.0 0.012025624
3639.0 0.012428331
3640.0 0.012832912
3641.0 0.01342829
3642.0 0.014026636
3643.0 0.014627828
3644.0 0.015231994
3645.0 0.015839041
3646.0 0.016449031
3647.0 0.017061901
3648.0 0.017677646
3649.0 0.018296343
3650.0 0.018917945
3651.0 0.019415708
3652.0 0.019915782
3653.0 0.020417958
3654.0 0.020922401
3655.0 0.021429117
3656.0 0.02193797
3657.0 0.022449094
3658.0 0.022962491
3659.0 0.023478074
3660.0 0.023995877
3661.0 0.024245863
3662.0 0.02449676
3663.0 0.024748513
3664.0 0.025001219
3665.0 0.025254881
3666.0 0.025509343
3667.0 0.025764875
3668.0 0.026021257
3669.0 0.026278445
3670.0 0.026536583
3671.0 0.026980716
3672.0 0.027426731
3673.0 0.027874465
3674.0 0.028324029
3675.0 0.02877526
3676.0 0.029228373
3677.0 0.029683092
3678.0 0.030139758
3679.0 0.030598139
3680.0 0.031058295
3681.0 0.031789736
3682.0 0.032524332
3683.0 0.033262084
3684.0 0.034003009
3685.0 0.034747141
3686.0 0.03549438
3687.0 0.036244712
3688.0 0.036998279
3689.0 0.037755069
3690.0 0.038514961
3691.0 0.039312579
3692.0 0.040113616
3693.0 0.040917557
3694.0 0.041724777
3695.0 0.042535039
3696.0 0.04334836
3697.0 0.044164945
3698.0 0.044984506
3699.0 0.045807262
3700.0 0.046633322
3701.0 0.047133945
3702.0 0.047636663
3703.0 0.048141319
3704.0 0.048647721
3705.0 0.04915578
3706.0 0.049666044
3707.0 0.050177967
3708.0 0.050691728
3709.0 0.05120734
3710.0 0.051724695
3711.0 0.052309326
3712.0 0.052895991
3713.0 0.05348487
3714.0 0.054076146
3715.0 0.054669533
3716.0 0.055265248
3717.0 0.055862976
3718.0 0.056463009
3719.0 0.057065178
3720.0 0.057669967
3721.0 0.05825012
3722.0 0.058832685
3723.0 0.059417346
3724.0 0.060004201
3725.0 0.060592941
3726.0 0.061183988
3727.0 0.061776919
3728.0 0.062372155
3729.0 0.06296928
3730.0 0.063568614
3731.0 0.064848112
3732.0 0.066133023
3733.0 0.067423473
3734.0 0.068719454
3735.0 0.070021088
3736.0 0.071327901
3737.0 0.072640639
3738.0 0.073958801
3739.0 0.075282534
3740.0 0.076611941
3741.0 0.077649274
3742.0 0.078690612
3743.0 0.079735861
3744.0 0.080785551
3745.0 0.081838875
3746.0 0.082896485
3747.0 0.083957877
3748.0 0.085023593
3749.0 0.086093356
3750.0 0.087166892
3751.0 0.088062052
3752.0 0.08896047
3753.0 0.089862129
3754.0 0.09076745
3755.0 0.091676165
3756.0 0.092588288
3757.0 0.093503474
3758.0 0.09442239
3759.0 0.095344381
3760.0 0.096270249
3761.0 0.096795486
3762.0 0.097322299
3763.0 0.097850837
3764.0 0.098380838
3765.0 0.098912559
3766.0 0.099445883
3767.0 0.099980626
3768.0 0.100516976
3769.0 0.101055062
3770.0 0.101594601
3771.0 0.102380214
3772.0 0.103168286
3773.0 0.1039593
3774.0 0.104752614
3775.0 0.105548571
3776.0 0.106347165
3777.0 0.107148553
3778.0 0.107952572
3779.0 0.108759079
3780.0 0.109568358
3781.0 0.11037207
3782.0 0.111178813
3783.0 0.111988294
3784.0 0.112801351
3785.0 0.113617143
3786.0 0.114436181
3787.0 0.115258134
3788.0 0.116083311
3789.0 0.116911987
3790.0 0.117743227
3791.0 0.1185513
3792.0 0.11936278
3793.0 0.120177632
3794.0 0.120994825
3795.0 0.121815447
3796.0 0.122639291
3797.0 0.123465802
3798.0 0.124295418
3799.0 0.125128842
3800.0 0.125964398
3801.0 0.126072529
3802.0 0.126180337
3803.0 0.126288032
3804.0 0.126395612
3805.0 0.126503042
3806.0 0.126610766
3807.0 0.126717978
3808.0 0.126825226
3809.0 0.126932382
3810.0 0.127039024
3811.0 0.128301724
3812.0 0.12956829
3813.0 0.130838674
3814.0 0.132113496
3815.0 0.133391942
3816.0 0.134674625
3817.0 0.135961382
3818.0 0.137251807
3819.0 0.138546667
3820.0 0.139845393
3821.0 0.140372737
3822.0 0.140901386
3823.0 0.141430725
3824.0 0.141961756
3825.0 0.142494366
3826.0 0.143027616
3827.0 0.143562826
3828.0 0.144098961
3829.0 0.144636569
3830.0 0.145175522
3831.0 0.1464212
3832.0 0.147671605
3833.0 0.148926179
3834.0 0.150184898
3835.0 0.151448662
3836.0 0.152716305
3837.0 0.153988429
3838.0 0.155264907
3839.0 0.156545564
3840.0 0.157830841
3841.0 0.158441276
3842.0 0.159053588
3843.0 0.159667
3844.0 0.160282495
3845.0 0.16089935
3846.0 0.161517622
3847.0 0.162137903
3848.0 0.162759838
3849.0 0.163383402
3850.0 0.164008058
3851.0 0.164895412
3852.0 0.165785564
3853.0 0.166677858
3854.0 0.167573665
3855.0 0.168472122
3856.0 0.169373637
3857.0 0.170277796
3858.0 0.171185054
3859.0 0.172094679
3860.0 0.173007444
3861.0 0.173505718
3862.0 0.174004574
3863.0 0.174504484
3864.0 0.175005465
3865.0 0.175507748
3866.0 0.17601109
3867.0 0.176515232
3868.0 0.177020497
3869.0 0.177527273
3870.0 0.178034619
3871.0 0.178769407
3872.0 0.179505961
3873.0 0.180244877
3874.0 0.180985596
3875.0 0.181728623
3876.0 0.182473759
3877.0 0.183220976
3878.0 0.183970023
3879.0 0.184721682
3880.0 0.185474891
3881.0 0.185873482
3882.0 0.186272558
3883.0 0.186672201
3884.0 0.187072346
3885.0 0.187473026
3886.0 0.187873935
3887.0 0.188275927
3888.0 0.188677906
3889.0 0.189080631
3890.0 0.189483665
3891.0 0.190555678
3892.0 0.191630515
3893.0 0.192709587
3894.0 0.193791262
3895.0 0.194876347
3896.0 0.195965448
3897.0 0.197057626
3898.0 0.198153521
3899.0 0.199252332
3900.0 0.200354619
3901.0 0.200836165
3902.0 0.201319018
3903.0 0.201802125
3904.0 0.20228632
3905.0 0.202770973
3906.0 0.203256461
3907.0 0.20374268
3908.0 0.204229752
3909.0 0.20471785
3910.0 0.205206165
3911.0 0.206386598
3912.0 0.207571303
3913.0 0.208759193
3914.0 0.209951111
3915.0 0.211146254
3916.0 0.212345705
3917.0 0.213548641
3918.0 0.214755636
3919.0 0.215966433
3920.0 0.217180423
3921.0 0.218054914
3922.0 0.2189318
3923.0 0.219811397
3924.0 0.220692867
3925.0 0.221576707
3926.0 0.222463344
3927.0 0.223352046
3928.0 0.224243258
3929.0 0.225137172
3930.0 0.226033851
3931.0 0.226759912
3932.0 0.227487908
3933.0 0.228217621
3934.0 0.228949032
3935.0 0.229681805
3936.0 0.230417189
3937.0 0.231153011
3938.0 0.231891453
3939.0 0.232631323
3940.0 0.233372543
3941.0 0.233998866
3942.0 0.234627724
3943.0 0.235256282
3944.0 0.235886671
3945.0 0.236518373
3946.0 0.237151333
3947.0 0.237785863
3948.0 0.238421306
3949.0 0.239058363
3950.0 0.23969575
3951.0 0.240259318
3952.0 0.240823465
3953.0 0.241388662
3954.0 0.241955144
3955.0 0.242521894
3956.0 0.243090363
3957.0 0.24365975
3958.0 0.244229502
3959.0 0.244800528
3960.0 0.245373204
3961.0 0.245663407
3962.0 0.245953823
3963.0 0.246244748
3964.0 0.24653452
3965.0 0.246824521
3966.0 0.247115009
3967.0 0.247404419
3968.0 0.247694571
3969.0 0.247984276
3970.0 0.248273532
3971.0 0.248675715
3972.0 0.24907853
3973.0 0.249481757
3974.0 0.24988494
3975.0 0.250288535
3976.0 0.250692802
3977.0 0.251097382
3978.0 0.251502695
3979.0 0.251907363
3980.0 0.252313082
3981.0 0.252642442
3982.0 0.252971059
3983.0 0.253300392
3984.0 0.253629381
3985.0 0.253957382
3986.0 0.254287281
3987.0 0.254615829
3988.0 0.25494473
3989.0 0.255273562
3990.0 0.255602384
3991.0 0.256043933
3992.0 0.256485971
3993.0 0.256928114
3994.0 0.257371431
3995.0 0.257814914
3996.0 0.25825923
3997.0 0.258703368
3998.0 0.259149029
3999.0 0.259594471
4000.0 0.260039795
4001.0 0.260026482
4002.0 0.260012759
4003.0 0.259998645
4004.0 0.259984119
4005.0 0.259968878
4006.0 0.259952858
4007.0 0.259936751
4008.0 0.259920573
4009.0 0.259904306
4010.0 0.259887341
4011.0 0.260882894
4012.0 0.261880728
4013.0 0.262879767
4014.0 0.263880748
4015.0 0.264883306
4016.0 0.26588742
4017.0 0.266892449
4018.0 0.267899719
4019.0 0.268908279
4020.0 0.269919091
4021.0 0.269938173
4022.0 0.269957214
4023.0 0.269975519
4024.0 0.269994095
4025.0 0.270011977
4026.0 0.270029394
4027.0 0.270046452
4028.0 0.270062771
4029.0 0.270079318
4030.0 0.270095167
4031.0 0.271138028
4032.0 0.272182836
4033.0 0.27322932
4034.0 0.274277013
4035.0 0.275326788
4036.0 0.276378458
4037.0 0.277431166
4038.0 0.278485793
4039.0 0.279542452
4040.0 0.280600386
4041.0 0.280326967
4042.0 0.280053535
4043.0 0.279778678
4044.0 0.279503785
4045.0 0.279228246
4046.0 0.278951282
4047.0 0.278673932
4048.0 0.278396259
4049.0 0.278117852
4050.0 0.27783802
4051.0 0.27895143
4052.0 0.280065889
4053.0 0.281182091
4054.0 0.282299013
4055.0 0.283417768
4056.0 0.284538625
4057.0 0.285660199
4058.0 0.286783884
4059.0 0.287907969
4060.0 0.289033408
4061.0 0.288994756
4062.0 0.288954286
4063.0 0.288914168
4064.0 0.288873373
4065.0 0.288832616
4066.0 0.288791113
4067.0 0.288749647
4068.0 0.288707146
4069.0 0.288664994
4070.0 0.288622519
4071.0 0.289162037
4072.0 0.289702181
4073.0 0.290242277
4074.0 0.290783739
4075.0 0.291325467
4076.0 0.291869332
4077.0 0.29241236
4078.0 0.292956083
4079.0 0.293500433
4080.0 0.294045774
4081.0 0.293284533
4082.0 0.292521135
4083.0 0.291756802
4084.0 0.290990698
4085.0 0.290223587
4086.0 0.289455108
4087.0 0.288685281
4088.0 0.287914462
4089.0 0.287141537
4090.0 0.286368302
4091.0 0.287337391
4092.0 0.288308159
4093.0 0.289279741
4094.0 0.290253679
4095.0 0.291228142
4096.0 0.29220308
4097.0 0.293180746
4098.0 0.294158932
4099.0 0.295137975
4100.0 0.29611867
4101.0 0.295369079
4102.0 0.294618774
4103.0 0.293867117
4104.0 0.293114382
4105.0 0.292360994
4106.0 0.291605739
4107.0 0.290849854
4108.0 0.290093289
4109.0 0.289335976
4110.0 0.288576866
4111.0 0.289171988
4112.0 0.289768561
4113.0 0.290365743
4114.0 0.290963263
4115.0 0.291561391
4116.0 0.292160575
4117.0 0.292760052
4118.0 0.293359732
4119.0 0.293961622
4120.0 0.294562699
4121.0 0.294357648
4122.0 0.294152245
4123.0 0.293946152
4124.0 0.293740566
4125.0 0.293533432
4126.0 0.293326399
4127.0 0.293119397
4128.0 0.292912065
4129.0 0.292704763
4130.0 0.292496435
4131.0 0.293658841
4132.0 0.294823184
4133.0 0.295987929
4134.0 0.297154551
4135.0 0.298321226
4136.0 0.299490127
4137.0 0.300659512
4138.0 0.301830764
4139.0 0.303002031
4140.0 0.304175962
4141.0 0.303829368
4142.0 0.303482585
4143.0 0.30313419
4144.0 0.302784836
4145.0 0.302435309
4146.0 0.302084125
4147.0 0.301732812
4148.0 0.301380211
4149.0 0.3010263
4150.0 0.300671886
4151.0 0.301273867
4152.0 0.301875162
4153.0 0.302477642
4154.0 0.303079384
4155.0 0.303683079
4156.0 0.304286453
4157.0 0.304890272
4158.0 0.305495237
4159.0 0.306099105
4160.0 0.306704166
4161.0 0.306317847
4162.0 0.305930986
4163.0 0.305542952
4164.0 0.305155054
4165.0 0.304766287
4166.0 0.304376977
4167.0 0.303988009
4168.0 0.303597708
4169.0 0.303206447
4170.0 0.302815847
4171.0 0.303717649
4172.0 0.304621844
4173.0 0.305525833
4174.0 0.306431104
4175.0 0.307336558
4176.0 0.308243648
4177.0 0.309151625
4178.0 0.310060159
4179.0 0.31097003
4180.0 0.311880362
4181.0 0.311506665
4182.0 0.311132281
4183.0 0.310757044
4184.0 0.310381569
4185.0 0.310005549
4186.0 0.309628982
4187.0 0.309251868
4188.0 0.308873689
4189.0 0.308496187
4190.0 0.308116162
4191.0 0.308788018
4192.0 0.309460173
4193.0 0.310133028
4194.0 0.310806231
4195.0 0.311478571
4196.0 0.312152871
4197.0 0.312826211
4198.0 0.313500706
4199.0 0.314175548
4200.0 0.314850666
4201.0 0.314648596
4202.0 0.314445909
4203.0 0.314244207
4204.0 0.31404148
4205.0 0.313839045
4206.0 0.313635872
4207.0 0.313433324
4208.0 0.313230135
4209.0 0.313026807
4210.0 0.312823623
4211.0 0.314268515
4212.0 0.31571468
4213.0 0.317162173
4214.0 0.318610854
4215.0 0.320060093
4216.0 0.32150935
4217.0 0.322960627
4218.0 0.324412088
4219.0 0.325865559
4220.0 0.327319188
4221.0 0.326627924
4222.0 0.325936235
4223.0 0.325244915
4224.0 0.324552352
4225.0 0.323860179
4226.0 0.323166274
4227.0 0.322472757
4228.0 0.321779182
4229.0 0.321085155
4230.0 0.320389896
4231.0 0.322110757
4232.0 0.323833472
4233.0 0.325555557
4234.0 0.327278662
4235.0 0.329001991
4236.0 0.330726219
4237.0 0.332451552
4238.0 0.334177133
4239.0 0.33590362
4240.0 0.337630686
4241.0 0.336345311
4242.0 0.335060263
4243.0 0.333775227
4244.0 0.33248982
4245.0 0.331202907
4246.0 0.329916687
4247.0 0.328629294
4248.0 0.327342335
4249.0 0.326054557
4250.0 0.324766437
4251.0 0.326174459
4252.0 0.32758177
4253.0 0.328989531
4254.0 0.330398722
4255.0 0.331807939
4256.0 0.333217252
4257.0 0.334627878
4258.0 0.336039061
4259.0 0.33745067
4260.0 0.33886201
4261.0 0.337427535
4262.0 0.335992267
4263.0 0.334555773
4264.0 0.333117629
4265.0 0.331680016
4266.0 0.330240781
4267.0 0.328801937
4268.0 0.327361475
4269.0 0.325919851
4270.0 0.324478628
4271.0 0.325688219
4272.0 0.326898165
4273.0 0.328109288
4274.0 0.329319593
4275.0 0.33053065
4276.0 0.331742136
4277.0 0.332954381
4278.0 0.334166192
4279.0 0.335380011
4280.0 0.336592577
4281.0 0.335587403
4282.0 0.334582482
4283.0 0.333576436
4284.0 0.332571125
4285.0 0.331565201
4286.0 0.330559423
4287.0 0.329553413
4288.0 0.32854642
4289.0 0.327540397
4290.0 0.32653424
4291.0 0.326613004
4292.0 0.326692184
4293.0 0.326770536
4294.0 0.326849303
4295.0 0.326928013
4296.0 0.327007587
4297.0 0.327085934
4298.0 0.327165419
4299.0 0.327244996
4300.0 0.327323296
4301.0 0.326176295
4302.0 0.325028704
4303.0 0.323880454
4304.0 0.322733097
4305.0 0.321584761
4306.0 0.320436186
4307.0 0.319287737
4308.0 0.318139435
4309.0 0.316990526
4310.0 0.315841762
4311.0 0.317201337
4312.0 0.31856228
4313.0 0.319924281
4314.0 0.321286956
4315.0 0.322650281
4316.0 0.324014205
4317.0 0.32537843
4318.0 0.3267437
4319.0 0.328110019
4320.0 0.329476162
4321.0 0.329344889
4322.0 0.329212731
4323.0 0.329081718
4324.0 0.328950296
4325.0 0.328818715
4326.0 0.328686725
4327.0 0.328555079
4328.0 0.328422999
4329.0 0.328292035
4330.0 0.328159815
4331.0 0.328958127
4332.0 0.329756867
4333.0 0.330555634
4334.0 0.331354428
4335.0 0.332153274
4336.0 0.332952096
4337.0 0.333750512
4338.0 0.334549462
4339.0 0.335348388
4340.0 0.336147775
4341.0 0.335319484
4342.0 0.334490478
4343.0 0.333662055
4344.0 0.33283208
4345.0 0.33200309
4346.0 0.331173337
4347.0 0.330343352
4348.0 0.329513085
4349.0 0.328682936
4350.0 0.327852553
4351.0 0.329226483
4352.0 0.330600058
4353.0 0.331974488
4354.0 0.333349298
4355.0 0.3347234
4356.0 0.336097882
4357.0 0.337472853
4358.0 0.3388478
4359.0 0.340222414
4360.0 0.341596559
4361.0 0.341384771
4362.0 0.341171231
4363.0 0.34095885
4364.0 0.340745525
4365.0 0.340533046
4366.0 0.340319702
4367.0 0.340107073
4368.0 0.339894407
4369.0 0.33968124
4370.0 0.339468425
4371.0 0.340176999
4372.0 0.340884839
4373.0 0.341594018
4374.0 0.342302982
4375.0 0.343011962
4376.0 0.343721535
4377.0 0.344430417
4378.0 0.345140233
4379.0 0.345850671
4380.0 0.346559836
4381.0 0.345972938
4382.0 0.345386018
4383.0 0.344799443
4384.0 0.344212871
4385.0 0.343625413
4386.0 0.343038823
4387.0 0.34245221
4388.0 0.341865158
4389.0 0.341278891
4390.0 0.340691355
4391.0 0.34167556
4392.0 0.342659694
4393.0 0.34364381
4394.0 0.344627277
4395.0 0.345611617
4396.0 0.346595809
4397.0 0.347579906
4398.0 0.34856388
4399.0 0.349546962
4400.0 0.350531222
4401.0 0.350481571
4402.0 0.350431883
4403.0 0.350382583
4404.0 0.350333699
4405.0 0.350283925
4406.0 0.350234113
4407.0 0.350184263
4408.0 0.350135735
4409.0 0.350086156
4410.0 0.350037126
4411.0 0.350326789
4412.0 0.350616436
4413.0 0.350907055
4414.0 0.351197232
4415.0 0.351486967
4416.0 0.351777193
4417.0 0.352067378
4418.0 0.352357172
4419.0 0.352648264
4420.0 0.352938081
4421.0 0.351744826
4422.0 0.350551026
4423.0 0.349357566
4424.0 0.348164845
4425.0 0.346972066
4426.0 0.34577926
4427.0 0.344587559
4428.0 0.34339583
4429.0 0.342204002
4430.0 0.341012985
4431.0 0.341452881
4432.0 0.341893189
4433.0 0.342333469
4434.0 0.34277333
4435.0 0.343213162
4436.0 0.34365252
4437.0 0.344092267
4438.0 0.3445329
4439.0 0.344972196
4440.0 0.345411014
4441.0 0.344526335
4442.0 0.343642317
4443.0 0.342756949
4444.0 0.341871046
4445.0 0.340985388
4446.0 0.340100024
4447.0 0.339214023
4448.0 0.338327928
4449.0 0.337440843
4450.0 0.336554871
4451.0 0.337301112
4452.0 0.338047591
4453.0 0.338794
4454.0 0.339539797
4455.0 0.34028542
4456.0 0.341031308
4457.0 0.341776659
4458.0 0.342521834
4459.0 0.343266937
4460.0 0.344011421
4461.0 0.343560006
4462.0 0.343106496
4463.0 0.342654592
4464.0 0.342201742
4465.0 0.341748884
4466.0 0.341296017
4467.0 0.340842961
4468.0 0.34038987
4469.0 0.339936771
4470.0 0.339483611
4471.0 0.340171552
4472.0 0.340858867
4473.0 0.3415462
4474.0 0.342233864
4475.0 0.342921418
4476.0 0.343608471
4477.0 0.344295491
4478.0 0.34498274
4479.0 0.34566917
4480.0 0.346356355
4481.0 0.346080233
4482.0 0.345804512
4483.0 0.345528875
4484.0 0.345252404
4485.0 0.344976805
4486.0 0.344700845
4487.0 0.344424918
4488.0 0.344149441
4489.0 0.343872744
4490.0 0.343597306
4491.0 0.344210192
4492.0 0.34482384
4493.0 0.345436681
4494.0 0.34604984
4495.0 0.346661689
4496.0 0.347275541
4497.0 0.34788771
4498.0 0.348500225
4499.0 0.34911314
4500.0 0.349724813
4501.0 0.348747325
4502.0 0.347769689
4503.0 0.346792199
4504.0 0.345814147
4505.0 0.344837448
4506.0 0.34385972
4507.0 0.34288308
4508.0 0.341906197
4509.0 0.340929567
4510.0 0.33995306
4511.0 0.340503144
4512.0 0.341052675
4513.0 0.341602609
4514.0 0.342152274
4515.0 0.342701539
4516.0 0.34325108
4517.0 0.343800898
4518.0 0.344348958
4519.0 0.344897711
4520.0 0.345446768
4521.0 0.344709055
4522.0 0.343972176
4523.0 0.343235239
4524.0 0.342497855
4525.0 0.341760882
4526.0 0.341023852
4527.0 0.340286377
4528.0 0.339548977
4529.0 0.338811392
4530.0 0.33807424
4531.0 0.33963703
4532.0 0.341199418
4533.0 0.342761089
4534.0 0.344322353
4535.0 0.34588368
4536.0 0.347444655
4537.0 0.349004906
4538.0 0.35056435
4539.0 0.352124234
4540.0 0.353683846
4541.0 0.354327485
4542.0 0.354973208
4543.0 0.355618435
4544.0 0.356262246
4545.0 0.356906773
4546.0 0.357550393
4547.0 0.358195193
4548.0 0.358838648
4549.0 0.359483288
4550.0 0.360126525
4551.0 0.360397928
4552.0 0.360668662
4553.0 0.360939877
4554.0 0.361210888
4555.0 0.361481256
4556.0 0.36175164
4557.0 0.362022753
4558.0 0.36229281
4559.0 0.362562745
4560.0 0.362832641
4561.0 0.363517387
4562.0 0.364200814
4563.0 0.36488546
4564.0 0.365569781
4565.0 0.366253495
4566.0 0.366937268
4567.0 0.367621909
4568.0 0.368305104
4569.0 0.36898886
4570.0 0.3696729
4571.0 0.369244735
4572.0 0.368816655
4573.0 0.36838782
4574.0 0.367960857
4575.0 0.367532108
4576.0 0.367104336
4577.0 0.366676286
4578.0 0.366248682
4579.0 0.365821245
4580.0 0.365392922
4581.0 0.364982446
4582.0 0.364571624
4583.0 0.364161781
4584.0 0.363751536
4585.0 0.363341441
4586.0 0.362931442
4587.0 0.362521098
4588.0 0.362110878
4589.0 0.361701083
4590.0 0.361291027
4591.0 0.359447093
4592.0 0.357603542
4593.0 0.35576053
4594.0 0.353916146
4595.0 0.352073639
4596.0 0.350229849
4597.0 0.348386012
4598.0 0.346542232
4599.0 0.344698537
4600.0 0.342855237
4601.0 0.343999378
4602.0 0.345142901
4603.0 0.346286221
4604.0 0.34742897
4605.0 0.348571988
4606.0 0.34971438
4607.0 0.35085614
4608.0 0.351998598
4609.0 0.353140478
4610.0 0.354283012
4611.0 0.353910235
4612.0 0.35353706
4613.0 0.353164048
4614.0 0.352791521
4615.0 0.352419503
4616.0 0.352047168
4617.0 0.351673983
4618.0 0.351302266
4619.0 0.350929728
4620.0 0.350557299
4621.0 0.350618444
4622.0 0.350679188
4623.0 0.35074086
4624.0 0.350802396
4625.0 0.350862708
4626.0 0.350924745
4627.0 0.350984653
4628.0 0.351045355
4629.0 0.35110696
4630.0 0.351167711
4631.0 0.351061709
4632.0 0.350956253
4633.0 0.350849375
4634.0 0.350744344
4635.0 0.350638422
4636.0 0.350531692
4637.0 0.350425852
4638.0 0.350319972
4639.0 0.35021323
4640.0 0.350107802
4641.0 0.350162355
4642.0 0.350216386
4643.0 0.350270901
4644.0 0.350324894
4645.0 0.350380274
4646.0 0.350434202
4647.0 0.350488217
4648.0 0.350542584
4649.0 0.350596959
4650.0 0.350651342
4651.0 0.350206002
4652.0 0.349761611
4653.0 0.349316814
4654.0 0.348871271
4655.0 0.348427016
4656.0 0.347981937
4657.0 0.347537326
4658.0 0.347092419
4659.0 0.346648293
4660.0 0.346203374
4661.0 0.346374674
4662.0 0.346545069
4663.0 0.346715843
4664.0 0.346886656
4665.0 0.347057402
4666.0 0.347228581
4667.0 0.347398879
4668.0 0.347569242
4669.0 0.347739932
4670.0 0.347910687
4671.0 0.347173766
4672.0 0.346436984
4673.0 0.345700264
4674.0 0.34496329
4675.0 0.34422677
4676.0 0.343490727
4677.0 0.342753964
4678.0 0.342018145
4679.0 0.341281145
4680.0 0.340545086
4681.0 0.340664705
4682.0 0.340785546
4683.0 0.340906038
4684.0 0.341025173
4685.0 0.341145609
4686.0 0.341265204
4687.0 0.341385172
4688.0 0.341505124
4689.0 0.341624648
4690.0 0.341744596
4691.0 0.34134616
4692.0 0.340947319
4693.0 0.3405498
4694.0 0.340151076
4695.0 0.339753184
4696.0 0.339354502
4697.0 0.338956265
4698.0 0.338558061
4699.0 0.33815989
4700.0 0.337761368
4701.0 0.338020973
4702.0 0.33827976
4703.0 0.33853888
4704.0 0.338798538
4705.0 0.339057685
4706.0 0.339316883
4707.0 0.339576082
4708.0 0.33983487
4709.0 0.340093606
4710.0 0.340352368
4711.0 0.340192676
4712.0 0.340033483
4713.0 0.339874272
4714.0 0.339715559
4715.0 0.339556006
4716.0 0.339396078
4717.0 0.339236596
4718.0 0.339076328
4719.0 0.338916505
4720.0 0.338757154
4721.0 0.338090469
4722.0 0.337424237
4723.0 0.336758022
4724.0 0.336091443
4725.0 0.335425669
4726.0 0.334758671
4727.0 0.334091288
4728.0 0.33342476
4729.0 0.332758653
4730.0 0.332092162
4731.0 0.332492595
4732.0 0.332893417
4733.0 0.333294679
4734.0 0.333695852
4735.0 0.33409575
4736.0 0.334496821
4737.0 0.334897526
4738.0 0.335298064
4739.0 0.335698285
4740.0 0.336098745
4741.0 0.335897256
4742.0 0.335695346
4743.0 0.33549355
4744.0 0.335292552
4745.0 0.335089943
4746.0 0.334888183
4747.0 0.334686865
4748.0 0.33448485
4749.0 0.334283202
4750.0 0.334081616
4751.0 0.334432648
4752.0 0.334783376
4753.0 0.335134028
4754.0 0.335484781
4755.0 0.335835507
4756.0 0.336186691
4757.0 0.336537925
4758.0 0.336887937
4759.0 0.337238762
4760.0 0.337589229
4761.0 0.337775651
4762.0 0.337962001
4763.0 0.338148381
4764.0 0.338334279
4765.0 0.338519772
4766.0 0.338706087
4767.0 0.338891921
4768.0 0.339077374
4769.0 0.339263574
4770.0 0.339448984
4771.0 0.339724782
4772.0 0.340001466
4773.0 0.340277212
4774.0 0.340553047
4775.0 0.340829306
4776.0 0.341105991
4777.0 0.34138194
4778.0 0.341658212
4779.0 0.341934522
4780.0 0.342210405
4781.0 0.340776196
4782.0 0.339342185
4783.0 0.337908731
4784.0 0.336474606
4785.0 0.335040683
4786.0 0.333607744
4787.0 0.33217417
4788.0 0.330741122
4789.0 0.329308322
4790.0 0.32787567
4791.0 0.325258537
4792.0 0.322641555
4793.0 0.320024701
4794.0 0.317408481
4795.0 0.314791621
4796.0 0.312174991
4797.0 0.309559269
4798.0 0.306942951
4799.0 0.304327576
4800.0 0.301712006
4801.0 0.295377556
4802.0 0.289042189
4803.0 0.282707021
4804.0 0.276372406
4805.0 0.270036541
4806.0 0.263700953
4807.0 0.257365477
4808.0 0.251029506
4809.0 0.244693987
4810.0 0.238357685
4811.0 0.231792453
4812.0 0.225227499
4813.0 0.218661946
4814.0 0.212096156
4815.0 0.205530513
4816.0 0.198964041
4817.0 0.192397516
4818.0 0.185830464
4819.0 0.179263286
4820.0 0.172695638
4821.0 0.165916487
4822.0 0.159136377
4823.0 0.152355731
4824.0 0.145574414
4825.0 0.138792001
4826.0 0.132009043
4827.0 0.125225858
4828.0 0.118441455
4829.0 0.111656226
4830.0 0.104870555
4831.0 0.099839621
4832.0 0.094807532
4833.0 0.089774899
4834.0 0.084741166
4835.0 0.079706871
4836.0 0.07467179
4837.0 0.069635857
4838.0 0.064599062
4839.0 0.059561739
4840.0 0.054523632
4841.0 0.051744163
4842.0 0.048964969
4843.0 0.046186171
4844.0 0.043407564
4845.0 0.040629181
4846.0 0.037851101
4847.0 0.035073294
4848.0 0.03229567
4849.0 0.029518469
4850.0 0.026741448
4851.0 0.025401721
4852.0 0.024062184
4853.0 0.022722839
4854.0 0.021383623
4855.0 0.020044519
4856.0 0.018705627
4857.0 0.017366921
4858.0 0.016028351
4859.0 0.014689941
4860.0 0.013351691
4861.0 0.012707393
4862.0 0.012062975
4863.0 0.011418384
4864.0 0.010773642
4865.0 0.010128746
4866.0 0.009483683
4867.0 0.008838489
4868.0 0.008193131
4869.0 0.00754762
4870.0 0.006901953
4871.0 0.00659898
4872.0 0.006296017
4873.0 0.005993091
4874.0 0.005690174
4875.0 0.005387285
4876.0 0.005084408
4877.0 0.00478155
4878.0 0.004478707
4879.0 0.004175894
4880.0 0.0038731
4881.0 0.003762069
4882.0 0.003651033
4883.0 0.003540008
4884.0 0.003428973
4885.0 0.003317932
4886.0 0.003206897
4887.0 0.00309586
4888.0 0.002984819
4889.0 0.002873771
4890.0 0.002762733
4891.0 0.002651962
4892.0 0.002541169
4893.0 0.002430355
4894.0 0.002319512
4895.0 0.002208647
4896.0 0.002097754
4897.0 0.001986833
4898.0 0.001875894
4899.0 0.001764926
4900.0 0.001653932
4901.0 0.001622442
4902.0 0.001590949
4903.0 0.001559453
4904.0 0.001527963
4905.0 0.001496472
4906.0 0.001464982
4907.0 0.001433491
4908.0 0.001401998
4909.0 0.001370511
4910.0 0.001339022
4911.0 0.001307651
4912.0 0.001276275
4913.0 0.001244896
4914.0 0.00121351
4915.0 0.001182118
4916.0 0.001150719
4917.0 0.001119322
4918.0 0.001087913
4919.0 0.001056501
4920.0 0.001025085
4921.0 0.000993603
4922.0 0.000962118
4923.0 0.000930632
4924.0 0.000899144
4925.0 0.000867658
4926.0 0.000836167
4927.0 0.000804675
4928.0 0.000773182
4929.0 0.00074169
4930.0 0.000710194
4931.0 0.000678749
4932.0 0.000647298
4933.0 0.000615841
4934.0 0.000584377
4935.0 0.000552908
4936.0 0.000521431
4937.0 0.000489948
4938.0 0.00045846
4939.0 0.000426965
4940.0 0.000395463
4941.0 0.000387375
4942.0 0.000379284
4943.0 0.000371191
4944.0 0.000363095
4945.0 0.000354997
4946.0 0.000346898
4947.0 0.000338795
4948.0 0.00033069
4949.0 0.000322582
4950.0 0.000314472
4951.0 0.0003063
4952.0 0.000298128
4953.0 0.000289956
4954.0 0.000281786
4955.0 0.000273616
4956.0 0.000265448
4957.0 0.00025728
4958.0 0.000249113
4959.0 0.000240947
4960.0 0.000232782
4961.0 0.000224659
4962.0 0.000216533
4963.0 0.000208406
4964.0 0.000200277
4965.0 0.000192145
4966.0 0.000184011
4967.0 0.000175876
4968.0 0.000167738
4969.0 0.000159598
4970.0 0.000151456
4971.0 0.000143308
4972.0 0.000135158
4973.0 0.000127006
4974.0 0.000118853
4975.0 0.000110698
4976.0 0.000102542
4977.0 9.44e-05
4978.0 8.62e-05
4979.0 7.81e-05
4980.0 6.99e-05
4981.0 6.86e-05
4982.0 6.74e-05
4983.0 6.61e-05
4984.0 6.49e-05
4985.0 6.36e-05
4986.0 6.24e-05
4987.0 6.11e-05
4988.0 5.99e-05
4989.0 5.86e-05
4990.0 5.74e-05
4991.0 5.61e-05
4992.0 5.49e-05
4993.0 5.36e-05
4994.0 5.24e-05
4995.0 5.11e-05
