4452.0 5.11e-05
4453.0 5.28e-05
4454.0 5.46e-05
4455.0 5.63e-05
4456.0 5.8e-05
4457.0 5.98e-05
4458.0 6.15e-05
4459.0 6.33e-05
4460.0 6.5e-05
4461.0 6.68e-05
4462.0 6.85e-05
4463.0 7.03e-05
4464.0 7.21e-05
4465.0 7.38e-05
4466.0 7.56e-05
4467.0 7.73e-05
4468.0 7.91e-05
4469.0 8.08e-05
4470.0 8.26e-05
4471.0 8.43e-05
4472.0 8.61e-05
4473.0 8.78e-05
4474.0 8.96e-05
4475.0 9.13e-05
4476.0 9.31e-05
4477.0 9.48e-05
4478.0 9.66e-05
4479.0 9.83e-05
4480.0 0.000100053
4481.0 0.000107331
4482.0 0.000114607
4483.0 0.000121882
4484.0 0.000129155
4485.0 0.000136427
4486.0 0.000143697
4487.0 0.000150965
4488.0 0.000158232
4489.0 0.000165496
4490.0 0.000172759
4491.0 0.000180037
4492.0 0.000187314
4493.0 0.00019459
4494.0 0.000201867
4495.0 0.000209142
4496.0 0.000216418
4497.0 0.000223693
4498.0 0.000230967
4499.0 0.000238242
4500.0 0.000245515
4501.0 0.000252767
4502.0 0.000260017
4503.0 0.000267265
4504.0 0.000274512
4505.0 0.000281757
4506.0 0.000289
4507.0 0.000296242
4508.0 0.000303482
4509.0 0.00031072
4510.0 0.000317956
4511.0 0.000325201
4512.0 0.000332444
4513.0 0.000339687
4514.0 0.000346928
4515.0 0.000354167
4516.0 0.000361406
4517.0 0.000368644
4518.0 0.000375879
4519.0 0.000383113
4520.0 0.000390347
4521.0 0.000415353
4522.0 0.00044036
4523.0 0.000465368
4524.0 0.000490377
4525.0 0.000515386
4526.0 0.000540397
4527.0 0.000565408
4528.0 0.000590419
4529.0 0.000615431
4530.0 0.000640445
4531.0 0.000665378
4532.0 0.000690305
4533.0 0.000715226
4534.0 0.000740142
4535.0 0.000765053
4536.0 0.000789959
4537.0 0.000814858
4538.0 0.000839751
4539.0 0.000864641
4540.0 0.000889525
4541.0 0.000914447
4542.0 0.000939372
4543.0 0.000964292
4544.0 0.000989207
4545.0 0.001014121
4546.0 0.001039029
4547.0 0.001063938
4548.0 0.001088841
4549.0 0.001113745
4550.0 0.001138641
4551.0 0.001163402
4552.0 0.001188151
4553.0 0.001212894
4554.0 0.001237629
4555.0 0.001262352
4556.0 0.001287067
4557.0 0.001311777
4558.0 0.001336474
4559.0 0.001361163
4560.0 0.001385844
4561.0 0.001510074
4562.0 0.001634298
4563.0 0.001758524
4564.0 0.001882747
4565.0 0.002006965
4566.0 0.002131181
4567.0 0.0022554
4568.0 0.002379608
4569.0 0.002503818
4570.0 0.002628027
4571.0 0.002751934
4572.0 0.002875812
4573.0 0.002999654
4574.0 0.003123481
4575.0 0.003247263
4576.0 0.003371024
4577.0 0.003494752
4578.0 0.003618454
4579.0 0.003742127
4580.0 0.003865761
4581.0 0.003999187
4582.0 0.004132572
4583.0 0.00426593
4584.0 0.004399247
4585.0 0.004532527
4586.0 0.004665771
4587.0 0.004798973
4588.0 0.004932138
4589.0 0.005065271
4590.0 0.005198362
4591.0 0.005367559
4592.0 0.005536757
4593.0 0.005705961
4594.0 0.005875139
4595.0 0.006044345
4596.0 0.006213525
4597.0 0.006382701
4598.0 0.006551873
4599.0 0.006721043
4600.0 0.006890217
4601.0 0.007123406
4602.0 0.00735655
4603.0 0.00758966
4604.0 0.007822726
4605.0 0.008055768
4606.0 0.008288764
4607.0 0.008521715
4608.0 0.008754651
4609.0 0.008987543
4610.0 0.009220422
4611.0 0.009513006
4612.0 0.009805495
4613.0 0.010097901
4614.0 0.010390236
4615.0 0.010682501
4616.0 0.01097467
4617.0 0.011266727
4618.0 0.011558744
4619.0 0.011850649
4620.0 0.01214247
4621.0 0.012528446
4622.0 0.012914407
4623.0 0.013300402
4624.0 0.013686392
4625.0 0.014072333
4626.0 0.014458342
4627.0 0.014844263
4628.0 0.015230216
4629.0 0.015616206
4630.0 0.016002159
4631.0 0.016478696
4632.0 0.016955147
4633.0 0.017431417
4634.0 0.017907666
4635.0 0.01838376
4636.0 0.018859697
4637.0 0.019335569
4638.0 0.019811327
4639.0 0.020286922
4640.0 0.020762481
4641.0 0.021367367
4642.0 0.021972135
4643.0 0.022576846
4644.0 0.023181438
4645.0 0.023786036
4646.0 0.02439045
4647.0 0.024994783
4648.0 0.025599054
4649.0 0.02620324
4650.0 0.026807341
4651.0 0.027552214
4652.0 0.028297076
4653.0 0.02904182
4654.0 0.029786414
4655.0 0.03053103
4656.0 0.031275487
4657.0 0.032019899
4658.0 0.032764196
4659.0 0.033508479
4660.0 0.034252599
4661.0 0.035117959
4662.0 0.035983177
4663.0 0.036848384
4664.0 0.037713546
4665.0 0.03857865
4666.0 0.039443754
4667.0 0.040308708
4668.0 0.041173618
4669.0 0.042038516
4670.0 0.042903372
4671.0 0.043863022
4672.0 0.044822561
4673.0 0.045781981
4674.0 0.046741237
4675.0 0.047700426
4676.0 0.048659552
4677.0 0.049618448
4678.0 0.050577351
4679.0 0.051535949
4680.0 0.052494556
4681.0 0.053613911
4682.0 0.054733352
4683.0 0.055852636
4684.0 0.056971589
4685.0 0.058090651
4686.0 0.059209464
4687.0 0.060328233
4688.0 0.061446894
4689.0 0.06256537
4690.0 0.063683815
4691.0 0.065242961
4692.0 0.066801881
4693.0 0.068360916
4694.0 0.069919566
4695.0 0.07147824
4696.0 0.073036601
4697.0 0.074594909
4698.0 0.076153078
4699.0 0.077711106
4700.0 0.079268905
4701.0 0.080550452
4702.0 0.081831814
4703.0 0.083113265
4704.0 0.08439486
4705.0 0.085676339
4706.0 0.08695784
4707.0 0.088239352
4708.0 0.089520766
4709.0 0.090802173
4710.0 0.092083593
4711.0 0.093390955
4712.0 0.094698054
4713.0 0.096004752
4714.0 0.097311194
4715.0 0.098617
4716.0 0.099922293
4717.0 0.101227315
4718.0 0.102531699
4719.0 0.103835811
4720.0 0.105139665
4721.0 0.106537304
4722.0 0.107935041
4723.0 0.109332741
4724.0 0.110730278
4725.0 0.112128037
4726.0 0.113525341
4727.0 0.114922462
4728.0 0.116319825
4729.0 0.11771729
4730.0 0.119114573
4731.0 0.120387898
4732.0 0.121661258
4733.0 0.122934676
4734.0 0.124207959
4735.0 0.125480661
4736.0 0.126753698
4737.0 0.128026494
4738.0 0.129299122
4739.0 0.130571522
4740.0 0.13184391
4741.0 0.133227393
4742.0 0.134610382
4743.0 0.135993086
4744.0 0.137375786
4745.0 0.138757496
4746.0 0.140139222
4747.0 0.141520805
4748.0 0.142901761
4749.0 0.144282541
4750.0 0.145663017
4751.0 0.147184997
4752.0 0.148706944
4753.0 0.150228957
4754.0 0.151751112
4755.0 0.153273355
4756.0 0.154795906
4757.0 0.156318583
4758.0 0.157840788
4759.0 0.15936347
4760.0 0.160886078
4761.0 0.162155191
4762.0 0.163424147
4763.0 0.164692996
4764.0 0.165961486
4765.0 0.167229651
4766.0 0.168498097
4767.0 0.169766181
4768.0 0.171033947
4769.0 0.172301966
4770.0 0.173569459
4771.0 0.175089954
4772.0 0.176610977
4773.0 0.178131583
4774.0 0.179652301
4775.0 0.181173312
4776.0 0.182694621
4777.0 0.184215607
4778.0 0.185736835
4779.0 0.187258153
4780.0 0.188779306
4781.0 0.190284321
4782.0 0.191789165
4783.0 0.193294044
4784.0 0.194798257
4785.0 0.196302295
4786.0 0.197806624
4787.0 0.199310289
4788.0 0.200813978
4789.0 0.202317529
4790.0 0.203820879
4791.0 0.20532963
4792.0 0.206838263
4793.0 0.208346761
4794.0 0.209855457
4795.0 0.211363512
4796.0 0.212871491
4797.0 0.214379867
4798.0 0.215887605
4799.0 0.217395779
4800.0 0.218903588
4801.0 0.220102815
4802.0 0.221301507
4803.0 0.222500494
4804.0 0.223700085
4805.0 0.224898829
4806.0 0.226097957
4807.0 0.227297357
4808.0 0.228496495
4809.0 0.229696236
4810.0 0.230895437
4811.0 0.232296177
4812.0 0.233697558
4813.0 0.235098701
4814.0 0.236499977
4815.0 0.237901836
4816.0 0.239303167
4817.0 0.240704868
4818.0 0.242106358
4819.0 0.24350815
4820.0 0.244909783
4821.0 0.246119615
4822.0 0.24732922
4823.0 0.248539229
4824.0 0.249749459
4825.0 0.250959153
4826.0 0.252169253
4827.0 0.253380453
4828.0 0.254590804
4829.0 0.255801009
4830.0 0.257011956
4831.0 0.258189904
4832.0 0.259367075
4833.0 0.260545069
4834.0 0.261722295
4835.0 0.262900327
4836.0 0.264078516
4837.0 0.265256602
4838.0 0.26643448
4839.0 0.267613539
4840.0 0.268792819
4841.0 0.269618373
4842.0 0.270443866
4843.0 0.271270013
4844.0 0.27209567
4845.0 0.272920979
4846.0 0.273746454
4847.0 0.27457191
4848.0 0.275396599
4849.0 0.276222559
4850.0 0.277047731
4851.0 0.278148456
4852.0 0.27924936
4853.0 0.28035051
4854.0 0.281451145
4855.0 0.282550963
4856.0 0.283651325
4857.0 0.28475194
4858.0 0.285852055
4859.0 0.286952036
4860.0 0.288051838
4861.0 0.288524685
4862.0 0.288998374
4863.0 0.289471753
4864.0 0.2899453
4865.0 0.290418949
4866.0 0.290892328
4867.0 0.291366468
4868.0 0.291840425
4869.0 0.292314485
4870.0 0.292788603
4871.0 0.293378351
4872.0 0.29396766
4873.0 0.294557707
4874.0 0.295147269
4875.0 0.295737239
4876.0 0.296326768
4877.0 0.296916257
4878.0 0.297505371
4879.0 0.29809514
4880.0 0.298684894
4881.0 0.299246136
4882.0 0.299807022
4883.0 0.300369047
4884.0 0.300930307
4885.0 0.301491233
4886.0 0.302052893
4887.0 0.302614514
4888.0 0.303175845
4889.0 0.30373677
4890.0 0.304298824
4891.0 0.30469228
4892.0 0.305086089
4893.0 0.305480414
4894.0 0.305874402
4895.0 0.306268862
4896.0 0.306663076
4897.0 0.307056883
4898.0 0.307451972
4899.0 0.307846421
4900.0 0.308240856
4901.0 0.308559035
4902.0 0.308876464
4903.0 0.309193467
4904.0 0.309511258
4905.0 0.309829067
4906.0 0.3101468
4907.0 0.310464154
4908.0 0.310781197
4909.0 0.311099312
4910.0 0.311416696
4911.0 0.311802279
4912.0 0.312187983
4913.0 0.312574466
4914.0 0.312960222
4915.0 0.313346027
4916.0 0.313731525
4917.0 0.314118991
4918.0 0.314504589
4919.0 0.314890614
4920.0 0.315277473
4921.0 0.315524927
4922.0 0.315772056
4923.0 0.316019143
4924.0 0.316266238
4925.0 0.316514152
4926.0 0.316761309
4927.0 0.317008402
4928.0 0.317255549
4929.0 0.317503901
4930.0 0.317751039
4931.0 0.318062953
4932.0 0.318374892
4933.0 0.318687216
4934.0 0.318999252
4935.0 0.319311674
4936.0 0.319623758
4937.0 0.31993594
4938.0 0.320248604
4939.0 0.320561221
4940.0 0.320873162
4941.0 0.320639635
4942.0 0.320406066
4943.0 0.320172018
4944.0 0.319937831
4945.0 0.319703601
4946.0 0.319470846
4947.0 0.319236072
4948.0 0.319001136
4949.0 0.31876695
4950.0 0.318532241
4951.0 0.319518367
4952.0 0.320504433
4953.0 0.321489545
4954.0 0.322474933
4955.0 0.323460601
4956.0 0.324445794
4957.0 0.325431295
4958.0 0.326415852
4959.0 0.32740111
4960.0 0.328386261
4961.0 0.328629385
4962.0 0.328872067
4963.0 0.329115669
4964.0 0.329358879
4965.0 0.329602217
4966.0 0.329845981
4967.0 0.330089377
4968.0 0.330332826
4969.0 0.330576751
4970.0 0.330820308
4971.0 0.331698109
4972.0 0.33257524
4973.0 0.333453278
4974.0 0.334331146
4975.0 0.335209193
4976.0 0.336086914
4977.0 0.336966132
4978.0 0.337844568
4979.0 0.338722749
4980.0 0.339601593
4981.0 0.339654369
4982.0 0.339706709
4983.0 0.339759126
4984.0 0.33981149
4985.0 0.339863906
4986.0 0.339916244
4987.0 0.339968659
4988.0 0.340021022
4989.0 0.340074256
4990.0 0.340126208
4991.0 0.340619217
4992.0 0.341112736
4993.0 0.341606869
4994.0 0.342100665
4995.0 0.342594148
4996.0 0.343088608
4997.0 0.343582831
4998.0 0.34407674
4999.0 0.344570721
5000.0 0.345065657
5001.0 0.345532201
5002.0 0.345997861
5003.0 0.346464042
5004.0 0.346929465
5005.0 0.347395331
5006.0 0.347861642
5007.0 0.348327637
5008.0 0.348794525
5009.0 0.349260571
5010.0 0.349726722
5011.0 0.350008649
5012.0 0.350290197
5013.0 0.350572184
5014.0 0.350854744
5015.0 0.351137268
5016.0 0.351420259
5017.0 0.351702051
5018.0 0.351983807
5019.0 0.352266984
5020.0 0.352548905
5021.0 0.352578771
5022.0 0.352608605
5023.0 0.352639415
5024.0 0.352669263
5025.0 0.352699557
5026.0 0.352728968
5027.0 0.352758825
5028.0 0.352789101
5029.0 0.352818468
5030.0 0.352848306
5031.0 0.353209498
5032.0 0.353570725
5033.0 0.353932944
5034.0 0.35429432
5035.0 0.354656157
5036.0 0.355017228
5037.0 0.355378331
5038.0 0.355740887
5039.0 0.356102058
5040.0 0.356463397
5041.0 0.35627344
5042.0 0.356082064
5043.0 0.355891039
5044.0 0.355700445
5045.0 0.355509317
5046.0 0.35531803
5047.0 0.3551272
5048.0 0.354935811
5049.0 0.354743943
5050.0 0.354552397
5051.0 0.354953067
5052.0 0.355353029
5053.0 0.355753861
5054.0 0.356154306
5055.0 0.356554442
5056.0 0.35695459
5057.0 0.35735572
5058.0 0.357756083
5059.0 0.358156835
5060.0 0.35855814
5061.0 0.358037636
5062.0 0.357516382
5063.0 0.356996422
5064.0 0.356475281
5065.0 0.355954089
5066.0 0.355432231
5067.0 0.354911125
5068.0 0.354389005
5069.0 0.35386673
5070.0 0.353344696
5071.0 0.353530739
5072.0 0.353715943
5073.0 0.353901133
5074.0 0.354086841
5075.0 0.354272454
5076.0 0.354457707
5077.0 0.354643399
5078.0 0.35483001
5079.0 0.355015246
5080.0 0.355200521
5081.0 0.354741778
5082.0 0.354282816
5083.0 0.353823342
5084.0 0.353364341
5085.0 0.352905599
5086.0 0.352445974
5087.0 0.351986158
5088.0 0.351526311
5089.0 0.351067249
5090.0 0.350607653
5091.0 0.350455466
5092.0 0.350303637
5093.0 0.350151742
5094.0 0.349999782
5095.0 0.349846915
5096.0 0.349694878
5097.0 0.349543144
5098.0 0.349390897
5099.0 0.349238691
5100.0 0.349085474
5101.0 0.348924875
5102.0 0.348764133
5103.0 0.348603196
5104.0 0.348441776
5105.0 0.348280135
5106.0 0.348119267
5107.0 0.347957812
5108.0 0.347795771
5109.0 0.347633639
5110.0 0.347471288
5111.0 0.347429748
5112.0 0.347387369
5113.0 0.347344906
5114.0 0.347302831
5115.0 0.34726075
5116.0 0.347218666
5117.0 0.347176107
5118.0 0.347133465
5119.0 0.347090845
5120.0 0.347048194
5121.0 0.347031791
5122.0 0.34701535
5123.0 0.346998843
5124.0 0.346981907
5125.0 0.346964958
5126.0 0.346948362
5127.0 0.346931753
5128.0 0.346914662
5129.0 0.34689748
5130.0 0.346880755
5131.0 0.346767551
5132.0 0.346654346
5133.0 0.346541428
5134.0 0.346428041
5135.0 0.34631468
5136.0 0.346201215
5137.0 0.346087697
5138.0 0.345974543
5139.0 0.345861337
5140.0 0.345747688
5141.0 0.345666976
5142.0 0.345586299
5143.0 0.345506356
5144.0 0.345425539
5145.0 0.345344678
5146.0 0.345264655
5147.0 0.345183291
5148.0 0.345101883
5149.0 0.345020847
5150.0 0.344939845
5151.0 0.344987131
5152.0 0.345034067
5153.0 0.345081379
5154.0 0.345128291
5155.0 0.345175605
5156.0 0.345222077
5157.0 0.345269366
5158.0 0.345315839
5159.0 0.345363026
5160.0 0.345409474
5161.0 0.345666012
5162.0 0.345922182
5163.0 0.346178449
5164.0 0.346434736
5165.0 0.346691042
5166.0 0.34694742
5167.0 0.347203843
5168.0 0.347460729
5169.0 0.347717244
5170.0 0.347973386
5171.0 0.348331009
5172.0 0.348688745
5173.0 0.349046174
5174.0 0.349403714
5175.0 0.349761365
5176.0 0.350119128
5177.0 0.350477397
5178.0 0.350834961
5179.0 0.351192241
5180.0 0.351550448
5181.0 0.351475713
5182.0 0.351401403
5183.0 0.351327072
5184.0 0.351252218
5185.0 0.351176867
5186.0 0.351101917
5187.0 0.351026866
5188.0 0.350951898
5189.0 0.350876803
5190.0 0.35080166
5191.0 0.351156633
5192.0 0.351511533
5193.0 0.3518657
5194.0 0.352220691
5195.0 0.352575794
5196.0 0.352931301
5197.0 0.353286019
5198.0 0.353641141
5199.0 0.353996773
5200.0 0.354352041
5201.0 0.354353043
5202.0 0.354353166
5203.0 0.354353127
5204.0 0.354353591
5205.0 0.354353521
5206.0 0.354353822
5207.0 0.354353668
5208.0 0.354353858
5209.0 0.354353993
5210.0 0.354354525
5211.0 0.354682332
5212.0 0.35500937
5213.0 0.355337369
5214.0 0.35566505
5215.0 0.355993722
5216.0 0.356322076
5217.0 0.356650057
5218.0 0.356978174
5219.0 0.357306882
5220.0 0.357636049
5221.0 0.357658812
5222.0 0.357680626
5223.0 0.357702996
5224.0 0.357725625
5225.0 0.3577483
5226.0 0.35777102
5227.0 0.357793221
5228.0 0.357815494
5229.0 0.357838161
5230.0 0.357860364
5231.0 0.358120165
5232.0 0.358380038
5233.0 0.358639498
5234.0 0.358899055
5235.0 0.35915906
5236.0 0.359419082
5237.0 0.359679148
5238.0 0.359938475
5239.0 0.360198601
5240.0 0.360458826
5241.0 0.360245095
5242.0 0.360032115
5243.0 0.359818506
5244.0 0.359604783
5245.0 0.359391377
5246.0 0.359177316
5247.0 0.358963167
5248.0 0.358749738
5249.0 0.358535306
5250.0 0.358320733
5251.0 0.358291471
5252.0 0.358262204
5253.0 0.358233308
5254.0 0.358204379
5255.0 0.358175418
5256.0 0.358145538
5257.0 0.358116109
5258.0 0.35808705
5259.0 0.358058443
5260.0 0.358028004
5261.0 0.358125325
5262.0 0.358222642
5263.0 0.35831955
5264.0 0.358415996
5265.0 0.358513754
5266.0 0.35861105
5267.0 0.358706995
5268.0 0.358803446
5269.0 0.358900753
5270.0 0.358997569
5271.0 0.358865292
5272.0 0.358731982
5273.0 0.358599037
5274.0 0.358465142
5275.0 0.358331639
5276.0 0.358197965
5277.0 0.358064227
5278.0 0.357931257
5279.0 0.35779739
5280.0 0.357662977
5281.0 0.357132774
5282.0 0.356603002
5283.0 0.356072322
5284.0 0.355542445
5285.0 0.355012037
5286.0 0.354481683
5287.0 0.353950721
5288.0 0.353420663
5289.0 0.352889626
5290.0 0.352359041
5291.0 0.352514344
5292.0 0.352668348
5293.0 0.352823328
5294.0 0.352977353
5295.0 0.353131956
5296.0 0.353286875
5297.0 0.353441075
5298.0 0.35359567
5299.0 0.353750315
5300.0 0.353904558
5301.0 0.353475556
5302.0 0.353046381
5303.0 0.352615924
5304.0 0.352186168
5305.0 0.35175719
5306.0 0.351327249
5307.0 0.350897268
5308.0 0.350466302
5309.0 0.350036112
5310.0 0.34960583
5311.0 0.349639799
5312.0 0.349674207
5313.0 0.349707743
5314.0 0.349741639
5315.0 0.349775896
5316.0 0.349808887
5317.0 0.349842657
5318.0 0.349876867
5319.0 0.349909732
5320.0 0.349944321
5321.0 0.349553939
5322.0 0.349164394
5323.0 0.348775185
5324.0 0.348384955
5325.0 0.347994749
5326.0 0.347604879
5327.0 0.347215291
5328.0 0.346825284
5329.0 0.346434313
5330.0 0.346044482
5331.0 0.346217476
5332.0 0.34639135
5333.0 0.346564392
5334.0 0.346737407
5335.0 0.346910965
5336.0 0.347083195
5337.0 0.347257217
5338.0 0.347430822
5339.0 0.347604399
5340.0 0.347777218
5341.0 0.34754282
5342.0 0.347309612
5343.0 0.347075459
5344.0 0.34684065
5345.0 0.346606302
5346.0 0.346372233
5347.0 0.346137195
5348.0 0.345901581
5349.0 0.345667204
5350.0 0.34543137
5351.0 0.345427633
5352.0 0.345423873
5353.0 0.345419623
5354.0 0.345415401
5355.0 0.345411103
5356.0 0.345407196
5357.0 0.345402902
5358.0 0.345398559
5359.0 0.345394192
5360.0 0.345389361
5361.0 0.345366389
5362.0 0.345343335
5363.0 0.345320716
5364.0 0.345297162
5365.0 0.345274069
5366.0 0.345250092
5367.0 0.345227353
5368.0 0.345204143
5369.0 0.345180852
5370.0 0.345156316
5371.0 0.345577093
5372.0 0.34599879
5373.0 0.346419674
5374.0 0.346840597
5375.0 0.347261585
5376.0 0.347682639
5377.0 0.348103784
5378.0 0.348524604
5379.0 0.348945879
5380.0 0.349367168
5381.0 0.349421699
5382.0 0.349477377
5383.0 0.349532212
5384.0 0.349587095
5385.0 0.349642418
5386.0 0.34969729
5387.0 0.349752157
5388.0 0.349807831
5389.0 0.349862269
5390.0 0.349917121
5391.0 0.350125463
5392.0 0.350332182
5393.0 0.350540164
5394.0 0.350747387
5395.0 0.350954981
5396.0 0.351162657
5397.0 0.351369547
5398.0 0.351577256
5399.0 0.351784572
5400.0 0.351991943
5401.0 0.352101414
5402.0 0.352210894
5403.0 0.352320012
5404.0 0.352429111
5405.0 0.35253777
5406.0 0.352647387
5407.0 0.352756457
5408.0 0.352864716
5409.0 0.352974304
5410.0 0.353082974
5411.0 0.35322633
5412.0 0.353370553
5413.0 0.353514401
5414.0 0.353657767
5415.0 0.353802055
5416.0 0.353945517
5417.0 0.354088973
5418.0 0.354232848
5419.0 0.3543751
5420.0 0.354519043
5421.0 0.354896668
5422.0 0.355276188
5423.0 0.355654894
5424.0 0.356033184
5425.0 0.356410601
5426.0 0.356788612
5427.0 0.357167994
5428.0 0.357546048
5429.0 0.357924216
5430.0 0.358302874
5431.0 0.358530759
5432.0 0.358758742
5433.0 0.358986369
5434.0 0.359214444
5435.0 0.359442134
5436.0 0.359669869
5437.0 0.359898484
5438.0 0.360125824
5439.0 0.360353721
5440.0 0.360581637
5441.0 0.360706788
5442.0 0.360831051
5443.0 0.360956642
5444.0 0.361080506
5445.0 0.361205266
5446.0 0.361330001
5447.0 0.361455145
5448.0 0.361579048
5449.0 0.361703333
5450.0 0.361828108
5451.0 0.361710982
5452.0 0.361592396
5453.0 0.361475167
5454.0 0.361357019
5455.0 0.361238767
5456.0 0.361120489
5457.0 0.361002566
5458.0 0.360884159
5459.0 0.360765728
5460.0 0.360647218
5461.0 0.360936464
5462.0 0.361225799
5463.0 0.361515546
5464.0 0.361804895
5465.0 0.362093816
5466.0 0.362383232
5467.0 0.362672764
5468.0 0.362961786
5469.0 0.363250868
5470.0 0.363539929
5471.0 0.363644326
5472.0 0.36374775
5473.0 0.363852134
5474.0 0.363955628
5475.0 0.364059536
5476.0 0.364162635
5477.0 0.364266095
5478.0 0.36436918
5479.0 0.364472708
5480.0 0.364576679
5481.0 0.364554239
5482.0 0.36453214
5483.0 0.364511009
5484.0 0.364488529
5485.0 0.36446598
5486.0 0.364443854
5487.0 0.364421797
5488.0 0.3643997
5489.0 0.364376634
5490.0 0.364354046
5491.0 0.364804553
5492.0 0.365255051
5493.0 0.365705566
5494.0 0.366155688
5495.0 0.366605881
5496.0 0.367056091
5497.0 0.367506345
5498.0 0.367956697
5499.0 0.368407011
5500.0 0.368857451
5501.0 0.36836833
5502.0 0.367877655
5503.0 0.367388155
5504.0 0.366897462
5505.0 0.36640739
5506.0 0.365916238
5507.0 0.365425267
5508.0 0.364933656
5509.0 0.364441844
5510.0 0.363950184
5511.0 0.363870543
5512.0 0.363789615
5513.0 0.363709089
5514.0 0.363628503
5515.0 0.363548455
5516.0 0.363467421
5517.0 0.363386899
5518.0 0.363307185
5519.0 0.363225753
5520.0 0.363145212
5521.0 0.362918588
5522.0 0.36269115
5523.0 0.362464014
5524.0 0.362236879
5525.0 0.362009664
5526.0 0.361781937
5527.0 0.361554699
5528.0 0.361326841
5529.0 0.361098985
5530.0 0.36087105
5531.0 0.360770539
5532.0 0.360669517
5533.0 0.360569414
5534.0 0.360467935
5535.0 0.360366378
5536.0 0.360265685
5537.0 0.360164535
5538.0 0.360063414
5539.0 0.359961351
5540.0 0.359860153
5541.0 0.359476541
5542.0 0.359093392
5543.0 0.358709791
5544.0 0.358326169
5545.0 0.357942444
5546.0 0.357557949
5547.0 0.357174182
5548.0 0.356790502
5549.0 0.356405865
5550.0 0.356022543
5551.0 0.356122456
5552.0 0.356222327
5553.0 0.356322233
5554.0 0.356421722
5555.0 0.356521675
5556.0 0.356622545
5557.0 0.35672241
5558.0 0.356822018
5559.0 0.356921956
5560.0 0.357021102
5561.0 0.356432132
5562.0 0.35584262
5563.0 0.355253101
5564.0 0.354663495
5565.0 0.354073829
5566.0 0.353483229
5567.0 0.352893893
5568.0 0.352303202
5569.0 0.351712875
5570.0 0.351122884
5571.0 0.351198611
5572.0 0.351274799
5573.0 0.351350475
5574.0 0.351426219
5575.0 0.351501502
5576.0 0.351578038
5577.0 0.351653218
5578.0 0.351728913
5579.0 0.351803673
5580.0 0.351878869
5581.0 0.351465468
5582.0 0.351051173
5583.0 0.350637617
5584.0 0.350224061
5585.0 0.349809144
5586.0 0.349395015
5587.0 0.34898047
5588.0 0.34856585
5589.0 0.348151154
5590.0 0.347736877
5591.0 0.347521641
5592.0 0.347306801
5593.0 0.347092227
5594.0 0.34687771
5595.0 0.346662626
5596.0 0.34644708
5597.0 0.346232293
5598.0 0.34601694
5599.0 0.345800789
5600.0 0.345585317
5601.0 0.345059596
5602.0 0.344533714
5603.0 0.344007286
5604.0 0.343481189
5605.0 0.342954905
5606.0 0.342427641
5607.0 0.341901117
5608.0 0.341373614
5609.0 0.340846823
5610.0 0.340318623
5611.0 0.34019599
5612.0 0.340073257
5613.0 0.339950169
5614.0 0.339826522
5615.0 0.339703615
5616.0 0.339580328
5617.0 0.339456102
5618.0 0.33933353
5619.0 0.339209206
5620.0 0.339085722
5621.0 0.338793329
5622.0 0.338502148
5623.0 0.338210099
5624.0 0.337918829
5625.0 0.337626742
5626.0 0.337335383
5627.0 0.337043689
5628.0 0.336751887
5629.0 0.336460533
5630.0 0.336168643
5631.0 0.336457308
5632.0 0.336747603
5633.0 0.337036781
5634.0 0.337326785
5635.0 0.337616807
5636.0 0.337906897
5637.0 0.338196601
5638.0 0.338486804
5639.0 0.338776213
5640.0 0.339066477
5641.0 0.338494044
5642.0 0.337921854
5643.0 0.337350437
5644.0 0.336777668
5645.0 0.336205091
5646.0 0.335632829
5647.0 0.335059148
5648.0 0.334486585
5649.0 0.333913483
5650.0 0.333340668
5651.0 0.332843604
5652.0 0.332346451
5653.0 0.331849136
5654.0 0.331352229
5655.0 0.330854787
5656.0 0.330357652
5657.0 0.329860452
5658.0 0.329362744
5659.0 0.328865735
5660.0 0.328368268
5661.0 0.328359677
5662.0 0.328350979
5663.0 0.328343179
5664.0 0.328334486
5665.0 0.328326618
5666.0 0.328318347
5667.0 0.328310066
5668.0 0.328301775
5669.0 0.328293819
5670.0 0.328285115
5671.0 0.328203007
5672.0 0.328121646
5673.0 0.32804064
5674.0 0.327958762
5675.0 0.327876944
5676.0 0.327794991
5677.0 0.327713882
5678.0 0.327631852
5679.0 0.327550594
5680.0 0.327468562
5681.0 0.326782782
5682.0 0.326096809
5683.0 0.325410131
5684.0 0.324723965
5685.0 0.324036779
5686.0 0.323349618
5687.0 0.322663132
5688.0 0.321975051
5689.0 0.32128721
5690.0 0.320599437
5691.0 0.320368281
5692.0 0.320136706
5693.0 0.319905814
5694.0 0.319674505
5695.0 0.319443877
5696.0 0.319212377
5697.0 0.31898089
5698.0 0.318750107
5699.0 0.318518097
5700.0 0.318287219
5701.0 0.318169912
5702.0 0.318053018
5703.0 0.317936372
5704.0 0.31781895
5705.0 0.317701822
5706.0 0.317584276
5707.0 0.317468186
5708.0 0.317350112
5709.0 0.317232735
5710.0 0.317116101
5711.0 0.316801772
5712.0 0.316487031
5713.0 0.316172918
5714.0 0.315858013
5715.0 0.315544136
5716.0 0.315230245
5717.0 0.314915824
5718.0 0.314601296
5719.0 0.314287109
5720.0 0.313973212
5721.0 0.313080772
5722.0 0.312190028
5723.0 0.311298084
5724.0 0.310406599
5725.0 0.309514873
5726.0 0.308624316
5727.0 0.307732988
5728.0 0.30684289
5729.0 0.305952092
5730.0 0.305061375
5731.0 0.305204319
5732.0 0.30534661
5733.0 0.305490024
5734.0 0.305632739
5735.0 0.305775803
5736.0 0.305919285
5737.0 0.306062089
5738.0 0.306206386
5739.0 0.306349982
5740.0 0.306493585
5741.0 0.305873704
5742.0 0.305255676
5743.0 0.304636173
5744.0 0.304017063
5745.0 0.303398321
5746.0 0.302779583
5747.0 0.302160805
5748.0 0.301542819
5749.0 0.300924093
5750.0 0.300305708
5751.0 0.300028863
5752.0 0.299752134
5753.0 0.299474203
5754.0 0.299196412
5755.0 0.298919585
5756.0 0.298641825
5757.0 0.298364625
5758.0 0.298086539
5759.0 0.297808589
5760.0 0.297531618
5761.0 0.297050123
5762.0 0.296569673
5763.0 0.296089555
5764.0 0.295608403
5765.0 0.295127849
5766.0 0.294647362
5767.0 0.294167535
5768.0 0.293687379
5769.0 0.293207157
5770.0 0.292726522
5771.0 0.292480099
5772.0 0.29223322
5773.0 0.291986211
5774.0 0.291739442
5775.0 0.291492108
5776.0 0.291245079
5777.0 0.290997551
5778.0 0.29075089
5779.0 0.290503837
5780.0 0.290256589
5781.0 0.289883685
5782.0 0.289509909
5783.0 0.289137159
5784.0 0.288764033
5785.0 0.288391047
5786.0 0.288018115
5787.0 0.287644402
5788.0 0.287271256
5789.0 0.28689842
5790.0 0.286525146
5791.0 0.286394801
5792.0 0.286264082
5793.0 0.286133608
5794.0 0.286003483
5795.0 0.285872582
5796.0 0.285741669
5797.0 0.285611722
5798.0 0.285481359
5799.0 0.285350942
5800.0 0.28522047
5801.0 0.284514444
5802.0 0.283808118
5803.0 0.283102105
5804.0 0.282395962
5805.0 0.281690253
5806.0 0.280983787
5807.0 0.280277963
5808.0 0.279572465
5809.0 0.278866959
5810.0 0.278161051
5811.0 0.277951071
5812.0 0.277740282
5813.0 0.277530088
5814.0 0.277319458
5815.0 0.277108989
5816.0 0.276899133
5817.0 0.276688142
5818.0 0.276478009
5819.0 0.276267214
5820.0 0.276057215
5821.0 0.275346967
5822.0 0.274636465
5823.0 0.273926054
5824.0 0.273216015
5825.0 0.272505131
5826.0 0.271793909
5827.0 0.271083176
5828.0 0.270371439
5829.0 0.269660448
5830.0 0.268948895
5831.0 0.268610755
5832.0 0.2682735
5833.0 0.267935597
5834.0 0.267598278
5835.0 0.26726051
5836.0 0.266923404
5837.0 0.266585295
5838.0 0.266247728
5839.0 0.265910779
5840.0 0.265573165
5841.0 0.264981012
5842.0 0.264389411
5843.0 0.263797303
5844.0 0.263205392
5845.0 0.262613287
5846.0 0.262020735
5847.0 0.261428668
5848.0 0.260837062
5849.0 0.26024468
5850.0 0.259652448
5851.0 0.259310369
5852.0 0.258968477
5853.0 0.258626636
5854.0 0.258285018
5855.0 0.257942725
5856.0 0.257601017
5857.0 0.257259569
5858.0 0.256918093
5859.0 0.256576571
5860.0 0.256235022
5861.0 0.255572
5862.0 0.254909012
5863.0 0.254246035
5864.0 0.253582167
5865.0 0.252918647
5866.0 0.252254817
5867.0 0.25159036
5868.0 0.25092593
5869.0 0.250261245
5870.0 0.249596823
5871.0 0.249207705
5872.0 0.248818429
5873.0 0.248429472
5874.0 0.248040449
5875.0 0.247651084
5876.0 0.247262566
5877.0 0.246873414
5878.0 0.246484523
5879.0 0.246095546
5880.0 0.24570681
5881.0 0.244897437
5882.0 0.244087771
5883.0 0.243277813
5884.0 0.242467526
5885.0 0.241657553
5886.0 0.240847017
5887.0 0.240036186
5888.0 0.239225272
5889.0 0.238414132
5890.0 0.237602678
5891.0 0.237204914
5892.0 0.236807206
5893.0 0.236409378
5894.0 0.236011255
5895.0 0.235613326
5896.0 0.235214875
5897.0 0.234816823
5898.0 0.234418579
5899.0 0.234019539
5900.0 0.233621187
5901.0 0.232837005
5902.0 0.232051511
5903.0 0.231266988
5904.0 0.230481978
5905.0 0.229696823
5906.0 0.228911776
5907.0 0.228126498
5908.0 0.227340787
5909.0 0.226555967
5910.0 0.225770178
5911.0 0.225290486
5912.0 0.22481132
5913.0 0.224331517
5914.0 0.223851873
5915.0 0.223373013
5916.0 0.222893221
5917.0 0.222413947
5918.0 0.221934565
5919.0 0.221455107
5920.0 0.220975835
5921.0 0.220349587
5922.0 0.219722759
5923.0 0.21909616
5924.0 0.218468675
5925.0 0.217841753
5926.0 0.217213946
5927.0 0.216586393
5928.0 0.215958499
5929.0 0.215330075
5930.0 0.214702086
5931.0 0.214466038
5932.0 0.214230408
5933.0 0.213994707
5934.0 0.213758698
5935.0 0.213523325
5936.0 0.213287362
5937.0 0.213051812
5938.0 0.212816237
5939.0 0.212579994
5940.0 0.212344211
5941.0 0.211921385
5942.0 0.211498712
5943.0 0.211075896
5944.0 0.210653198
5945.0 0.210230156
5946.0 0.209806954
5947.0 0.209384132
5948.0 0.208960673
5949.0 0.208537377
5950.0 0.20811415
5951.0 0.207518018
5952.0 0.206921668
5953.0 0.20632507
5954.0 0.205728723
5955.0 0.205132185
5956.0 0.20453466
5957.0 0.203937622
5958.0 0.203340364
5959.0 0.202743077
5960.0 0.202145345
5961.0 0.201878585
5962.0 0.20161167
5963.0 0.201344615
5964.0 0.201077669
5965.0 0.200810538
5966.0 0.200543
5967.0 0.200275777
5968.0 0.200008426
5969.0 0.199740918
5970.0 0.199473253
5971.0 0.199367969
5972.0 0.199262688
5973.0 0.199157074
5974.0 0.19905193
5975.0 0.198946482
5976.0 0.198841022
5977.0 0.198735506
5978.0 0.198629949
5979.0 0.198524831
5980.0 0.198419439
5981.0 0.198213697
5982.0 0.198008628
5983.0 0.197803041
5984.0 0.197597648
5985.0 0.197391696
5986.0 0.197185706
5987.0 0.196979894
5988.0 0.196774505
5989.0 0.196568113
5990.0 0.196362172
5991.0 0.196258319
5992.0 0.19615445
5993.0 0.196050996
5994.0 0.195946567
5995.0 0.195843011
5996.0 0.195738709
5997.0 0.19563465
5998.0 0.195530704
5999.0 0.1954263
6000.0 0.195322309
6001.0 0.194666773
6002.0 0.194011532
6003.0 0.193355818
6004.0 0.192699887
6005.0 0.192043487
6006.0 0.191387152
6007.0 0.190730572
6008.0 0.190073761
6009.0 0.189416333
6010.0 0.188759324
6011.0 0.188181037
6012.0 0.187602448
6013.0 0.187024172
6014.0 0.186445771
6015.0 0.185867067
6016.0 0.185288456
6017.0 0.184709732
6018.0 0.184130454
6019.0 0.18355128
6020.0 0.182972249
6021.0 0.181676898
6022.0 0.180381282
6023.0 0.179084965
6024.0 0.177787912
6025.0 0.176490373
6026.0 0.175192742
6027.0 0.173894429
6028.0 0.172595763
6029.0 0.17129623
6030.0 0.169996556
6031.0 0.168706813
6032.0 0.167416804
6033.0 0.166125938
6034.0 0.1648344
6035.0 0.163541999
6036.0 0.162248894
6037.0 0.160955529
6038.0 0.159660908
6039.0 0.158366357
6040.0 0.157070603
6041.0 0.155196422
6042.0 0.153322616
6043.0 0.151447925
6044.0 0.149572858
6045.0 0.147697448
6046.0 0.145822001
6047.0 0.143946046
6048.0 0.142069391
6049.0 0.140192896
6050.0 0.138315697
6051.0 0.136076521
6052.0 0.133837004
6053.0 0.131596824
6054.0 0.12935565
6055.0 0.127114413
6056.0 0.124871903
6057.0 0.122628873
6058.0 0.120385193
6059.0 0.118140955
6060.0 0.115895791
6061.0 0.113606615
6062.0 0.111316099
6063.0 0.109025343
6064.0 0.106733433
6065.0 0.104440854
6066.0 0.102147494
6067.0 0.099853238
6068.0 0.09755856
6069.0 0.095262745
6070.0 0.092966277
6071.0 0.090941275
6072.0 0.088915706
6073.0 0.086889906
6074.0 0.084863366
6075.0 0.082836762
6076.0 0.08080941
6077.0 0.078781612
6078.0 0.076753451
6079.0 0.074724855
6080.0 0.072695702
6081.0 0.070903103
6082.0 0.069109737
6083.0 0.067315782
6084.0 0.065521003
6085.0 0.063725783
6086.0 0.061929824
6087.0 0.060132967
6088.0 0.058335876
6089.0 0.056537757
6090.0 0.054739042
6091.0 0.053382689
6092.0 0.052026028
6093.0 0.050668854
6094.0 0.049311482
6095.0 0.047953537
6096.0 0.046595337
6097.0 0.045236693
6098.0 0.043877616
6099.0 0.042518208
6100.0 0.041158471
6101.0 0.040094906
6102.0 0.039031313
6103.0 0.037967273
6104.0 0.036903054
6105.0 0.035838481
6106.0 0.034773645
6107.0 0.033708632
6108.0 0.032643268
6109.0 0.03157768
6110.0 0.030511829
6111.0 0.029755719
6112.0 0.028999202
6113.0 0.028242384
6114.0 0.027485218
6115.0 0.026727681
6116.0 0.025969836
6117.0 0.025211593
6118.0 0.024453126
6119.0 0.023694204
6120.0 0.022935
6121.0 0.022355691
6122.0 0.021776205
6123.0 0.021196568
6124.0 0.020616758
6125.0 0.020036743
6126.0 0.019456549
6127.0 0.018876179
6128.0 0.018295677
6129.0 0.017714931
6130.0 0.017134054
6131.0 0.016707323
6132.0 0.016280453
6133.0 0.01585342
6134.0 0.015426299
6135.0 0.014998981
6136.0 0.014571536
6137.0 0.014143965
6138.0 0.013716216
6139.0 0.013288358
6140.0 0.012860339
6141.0 0.01253524
6142.0 0.012210022
6143.0 0.01188469
6144.0 0.011559239
6145.0 0.011233655
6146.0 0.01090797
6147.0 0.010582153
6148.0 0.010256231
6149.0 0.009930205
6150.0 0.009604036
6151.0 0.009375484
6152.0 0.009146883
6153.0 0.008918221
6154.0 0.008689521
6155.0 0.008460762
6156.0 0.008231955
6157.0 0.008003106
6158.0 0.0077742
6159.0 0.007545254
6160.0 0.00731626
6161.0 0.007148861
6162.0 0.006981402
6163.0 0.006813883
6164.0 0.006646296
6165.0 0.006478631
6166.0 0.006310906
6167.0 0.0061431
6168.0 0.005975231
6169.0 0.005807294
6170.0 0.005639296
6171.0 0.005514367
6172.0 0.005389391
6173.0 0.005264369
6174.0 0.005139301
6175.0 0.005014186
6176.0 0.004889018
6177.0 0.004763818
6178.0 0.004638564
6179.0 0.004513264
6180.0 0.004387917
6181.0 0.004357089
6182.0 0.004326256
6183.0 0.004295413
6184.0 0.004264553
6185.0 0.00423369
6186.0 0.004202825
6187.0 0.004171935
6188.0 0.004141034
6189.0 0.004110123
6190.0 0.004079208
6191.0 0.004048384
6192.0 0.004017555
6193.0 0.003986712
6194.0 0.003955853
6195.0 0.003924982
6196.0 0.0038941
6197.0 0.003863214
6198.0 0.003832307
6199.0 0.003801383
6200.0 0.003770452
6201.0 0.00371295
6202.0 0.003655439
6203.0 0.003597921
6204.0 0.003540391
6205.0 0.003482856
6206.0 0.003425309
6207.0 0.003367751
6208.0 0.003310193
6209.0 0.003252622
6210.0 0.003195044
6211.0 0.003137481
6212.0 0.003079896
6213.0 0.003022313
6214.0 0.002964707
6215.0 0.002907104
6216.0 0.002849489
6217.0 0.002791861
6218.0 0.002734233
6219.0 0.002676591
6220.0 0.002618939
6221.0 0.002561546
6222.0 0.002504129
6223.0 0.002446697
6224.0 0.002389235
6225.0 0.00233176
6226.0 0.002274262
6227.0 0.002216744
6228.0 0.002159206
6229.0 0.002101643
6230.0 0.002044063
6231.0 0.001986266
6232.0 0.001928458
6233.0 0.00187064
6234.0 0.001812815
6235.0 0.001754982
6236.0 0.001697138
6237.0 0.001639288
6238.0 0.001581428
6239.0 0.001523563
6240.0 0.001465682
6241.0 0.001444874
6242.0 0.00142406
6243.0 0.001403238
6244.0 0.00138241
6245.0 0.00136158
6246.0 0.001340743
6247.0 0.001319901
6248.0 0.001299055
6249.0 0.001278199
6250.0 0.001257345
6251.0 0.001236449
6252.0 0.00121555
6253.0 0.001194651
6254.0 0.001173741
6255.0 0.001152832
6256.0 0.001131919
6257.0 0.001110998
6258.0 0.001090074
6259.0 0.001069147
6260.0 0.001048215
6261.0 0.001027311
6262.0 0.001006398
6263.0 0.00098548
6264.0 0.000964559
6265.0 0.000943628
6266.0 0.000922696
6267.0 0.000901758
6268.0 0.000880814
6269.0 0.000859866
6270.0 0.000838911
6271.0 0.000818011
6272.0 0.000797102
6273.0 0.000776186
6274.0 0.000755262
6275.0 0.000734328
6276.0 0.000713385
6277.0 0.000692437
6278.0 0.000671478
6279.0 0.000650511
6280.0 0.000629536
6281.0 0.000620824
6282.0 0.000612111
6283.0 0.000603397
6284.0 0.000594683
6285.0 0.000585966
6286.0 0.000577249
6287.0 0.000568531
6288.0 0.00055981
6289.0 0.00055109
6290.0 0.000542368
6291.0 0.000533661
6292.0 0.000524952
6293.0 0.000516242
6294.0 0.00050753
6295.0 0.000498816
6296.0 0.0004901
6297.0 0.000481383
6298.0 0.000472665
6299.0 0.000463944
6300.0 0.000455223
6301.0 0.000446493
6302.0 0.000437764
6303.0 0.000429033
6304.0 0.0004203
6305.0 0.000411566
6306.0 0.000402829
6307.0 0.000394092
6308.0 0.000385354
6309.0 0.000376614
6310.0 0.000367873
6311.0 0.000359154
6312.0 0.000350434
6313.0 0.00034171
6314.0 0.000332984
6315.0 0.000324256
6316.0 0.000315525
6317.0 0.00030679
6318.0 0.000298054
6319.0 0.000289315
6320.0 0.000280572
6321.0 0.000277059
6322.0 0.000273544
6323.0 0.000270029
6324.0 0.000266512
6325.0 0.000262994
6326.0 0.000259475
6327.0 0.000255955
6328.0 0.000252434
6329.0 0.000248912
6330.0 0.000245389
6331.0 0.000241869
6332.0 0.000238348
6333.0 0.000234826
6334.0 0.000231302
6335.0 0.000227778
6336.0 0.000224252
6337.0 0.000220725
6338.0 0.000217196
6339.0 0.000213667
6340.0 0.000210136
6341.0 0.000206574
6342.0 0.000203012
6343.0 0.00019945
6344.0 0.000195888
6345.0 0.000192325
6346.0 0.000188763
6347.0 0.0001852
6348.0 0.000181637
6349.0 0.000178074
6350.0 0.000174511
6351.0 0.000170968
6352.0 0.000167423
6353.0 0.000163877
6354.0 0.000160331
6355.0 0.000156784
6356.0 0.000153235
6357.0 0.000149686
6358.0 0.000146135
6359.0 0.000142584
6360.0 0.000139031
6361.0 0.000137407
6362.0 0.000135781
6363.0 0.000134156
6364.0 0.000132531
6365.0 0.000130905
6366.0 0.000129279
6367.0 0.000127653
6368.0 0.000126026
6369.0 0.000124399
6370.0 0.000122772
6371.0 0.00012116
6372.0 0.000119547
6373.0 0.000117933
6374.0 0.000116319
6375.0 0.000114704
6376.0 0.000113088
6377.0 0.000111472
6378.0 0.000109855
6379.0 0.000108238
6380.0 0.000106619
6381.0 0.000104994
6382.0 0.000103368
6383.0 0.000101742
6384.0 0.000100116
6385.0 9.85e-05
6386.0 9.69e-05
6387.0 9.52e-05
6388.0 9.36e-05
6389.0 9.2e-05
6390.0 9.03e-05
6391.0 8.87e-05
6392.0 8.71e-05
6393.0 8.54e-05
6394.0 8.38e-05
6395.0 8.22e-05
6396.0 8.05e-05
6397.0 7.89e-05
6398.0 7.73e-05
6399.0 7.56e-05
6400.0 7.4e-05
6401.0 7.32e-05
6402.0 7.24e-05
6403.0 7.16e-05
6404.0 7.08e-05
6405.0 7e-05
6406.0 6.92e-05
6407.0 6.84e-05
6408.0 6.76e-05
6409.0 6.67e-05
6410.0 6.59e-05
6411.0 6.51e-05
6412.0 6.43e-05
6413.0 6.35e-05
6414.0 6.27e-05
6415.0 6.19e-05
6416.0 6.11e-05
6417.0 6.03e-05
6418.0 5.95e-05
6419.0 5.87e-05
6420.0 5.79e-05
6421.0 5.71e-05
6422.0 5.63e-05
6423.0 5.55e-05
6424.0 5.47e-05
6425.0 5.39e-05
6426.0 5.31e-05
6427.0 5.23e-05
6428.0 5.15e-05
6429.0 5.06e-05
