4565.0 5.72e-05
4566.0 6.73e-05
4567.0 7.75e-05
4568.0 8.76e-05
4569.0 9.78e-05
4570.0 0.000107909
4571.0 0.000118042
4572.0 0.000128172
4573.0 0.0001383
4574.0 0.000148426
4575.0 0.000158548
4576.0 0.000168669
4577.0 0.000178787
4578.0 0.000188903
4579.0 0.000199016
4580.0 0.000209127
4581.0 0.000219232
4582.0 0.000229333
4583.0 0.000239433
4584.0 0.000249529
4585.0 0.000259623
4586.0 0.000269714
4587.0 0.000279801
4588.0 0.000289886
4589.0 0.000299969
4590.0 0.000310048
4591.0 0.000320166
4592.0 0.000330284
4593.0 0.000340402
4594.0 0.000350518
4595.0 0.000360636
4596.0 0.000370753
4597.0 0.000380869
4598.0 0.000390985
4599.0 0.000401101
4600.0 0.000411217
4601.0 0.000515382
4602.0 0.00061953
4603.0 0.000723663
4604.0 0.00082778
4605.0 0.000931882
4606.0 0.001035968
4607.0 0.001140037
4608.0 0.001244093
4609.0 0.001348131
4610.0 0.001452158
4611.0 0.001556063
4612.0 0.001659937
4613.0 0.001763781
4614.0 0.001867598
4615.0 0.001971387
4616.0 0.002075145
4617.0 0.002178868
4618.0 0.00228257
4619.0 0.002386237
4620.0 0.002489874
4621.0 0.002857576
4622.0 0.003225275
4623.0 0.003592981
4624.0 0.003960686
4625.0 0.004328377
4626.0 0.004696088
4627.0 0.00506377
4628.0 0.005431461
4629.0 0.005799165
4630.0 0.006166855
4631.0 0.006322282
4632.0 0.006477682
4633.0 0.00663302
4634.0 0.006788355
4635.0 0.006943637
4636.0 0.007098866
4637.0 0.007254076
4638.0 0.007409249
4639.0 0.007564366
4640.0 0.007719475
4641.0 0.008551295
4642.0 0.009382983
4643.0 0.010214564
4644.0 0.011046011
4645.0 0.011877384
4646.0 0.01270859
4647.0 0.013539679
4648.0 0.014370661
4649.0 0.015201526
4650.0 0.016032272
4651.0 0.018524338
4652.0 0.021016176
4653.0 0.023507715
4654.0 0.025998918
4655.0 0.028489936
4656.0 0.030980608
4657.0 0.033471038
4658.0 0.035961157
4659.0 0.038451077
4660.0 0.040940627
4661.0 0.041479937
4662.0 0.042019108
4663.0 0.042558294
4664.0 0.043097454
4665.0 0.043636576
4666.0 0.044175722
4667.0 0.044714726
4668.0 0.045253706
4669.0 0.045792698
4670.0 0.046331669
4671.0 0.046676058
4672.0 0.047020413
4673.0 0.047364722
4674.0 0.047708942
4675.0 0.04805317
4676.0 0.048397411
4677.0 0.048741496
4678.0 0.04908566
4679.0 0.0494296
4680.0 0.049773621
4681.0 0.054415156
4682.0 0.059056444
4683.0 0.063697241
4684.0 0.068337331
4685.0 0.072977228
4686.0 0.077616498
4687.0 0.082255401
4688.0 0.086893853
4689.0 0.091531744
4690.0 0.096169296
4691.0 0.098932135
4692.0 0.101694597
4693.0 0.104457199
4694.0 0.107219178
4695.0 0.109981162
4696.0 0.112742632
4697.0 0.115503989
4698.0 0.118265097
4699.0 0.121025959
4700.0 0.123786432
4701.0 0.121427661
4702.0 0.119068576
4703.0 0.116709591
4704.0 0.114350768
4705.0 0.11199175
4706.0 0.109632729
4707.0 0.107273687
4708.0 0.104914499
4709.0 0.102555281
4710.0 0.100196057
4711.0 0.10244122
4712.0 0.104685857
4713.0 0.106929814
4714.0 0.109173257
4715.0 0.111415756
4716.0 0.113657448
4717.0 0.115898607
4718.0 0.118138811
4719.0 0.120378482
4720.0 0.122617636
4721.0 0.129500012
4722.0 0.136382362
4723.0 0.143264529
4724.0 0.150146342
4725.0 0.157028323
4726.0 0.16390953
4727.0 0.170790312
4728.0 0.177671303
4729.0 0.184552316
4730.0 0.191432914
4731.0 0.191121195
4732.0 0.19080975
4733.0 0.190498606
4734.0 0.190187462
4735.0 0.189875641
4736.0 0.189564537
4737.0 0.189253275
4738.0 0.18894197
4739.0 0.188630536
4740.0 0.188319287
4741.0 0.185322527
4742.0 0.182326183
4743.0 0.179330552
4744.0 0.176335992
4745.0 0.173341237
4746.0 0.17034758
4747.0 0.167354798
4748.0 0.164362321
4749.0 0.16137068
4750.0 0.158379724
4751.0 0.162241471
4752.0 0.166103343
4753.0 0.169965444
4754.0 0.173827861
4755.0 0.177690532
4756.0 0.181553714
4757.0 0.185417199
4758.0 0.189280271
4759.0 0.193144056
4760.0 0.197007897
4761.0 0.204899758
4762.0 0.212790768
4763.0 0.220680992
4764.0 0.228570086
4765.0 0.236458073
4766.0 0.244345811
4767.0 0.252232388
4768.0 0.260117851
4769.0 0.268003064
4770.0 0.275886832
4771.0 0.274214844
4772.0 0.272543475
4773.0 0.270871257
4774.0 0.269199018
4775.0 0.267527021
4776.0 0.265855258
4777.0 0.264182827
4778.0 0.26251055
4779.0 0.260838206
4780.0 0.259165444
4781.0 0.255090205
4782.0 0.251015482
4783.0 0.246941532
4784.0 0.242867463
4785.0 0.238793918
4786.0 0.234721445
4787.0 0.230648901
4788.0 0.226577101
4789.0 0.222505848
4790.0 0.218435074
4791.0 0.221930296
4792.0 0.225425265
4793.0 0.228919961
4794.0 0.232414753
4795.0 0.23590871
4796.0 0.239402456
4797.0 0.242896527
4798.0 0.246389753
4799.0 0.249883356
4800.0 0.253376424
4801.0 0.259944148
4802.0 0.266511367
4803.0 0.273079064
4804.0 0.279647642
4805.0 0.286215292
4806.0 0.292783551
4807.0 0.299352294
4808.0 0.305920822
4809.0 0.312490293
4810.0 0.319059164
4811.0 0.318208592
4812.0 0.317358771
4813.0 0.316508499
4814.0 0.315658281
4815.0 0.31480871
4816.0 0.31395831
4817.0 0.31310827
4818.0 0.312257832
4819.0 0.311407658
4820.0 0.310557159
4821.0 0.311101859
4822.0 0.311646167
4823.0 0.312190881
4824.0 0.312735769
4825.0 0.313279883
4826.0 0.313824405
4827.0 0.314370191
4828.0 0.314914821
4829.0 0.315459172
4830.0 0.316004338
4831.0 0.318045589
4832.0 0.320085974
4833.0 0.322127467
4834.0 0.324168099
4835.0 0.326209819
4836.0 0.328251823
4837.0 0.330293787
4838.0 0.332335579
4839.0 0.334378932
4840.0 0.336422651
4841.0 0.3377821
4842.0 0.339141439
4843.0 0.340501568
4844.0 0.341861053
4845.0 0.343220069
4846.0 0.344579262
4847.0 0.345938401
4848.0 0.347296543
4849.0 0.348656258
4850.0 0.350014949
4851.0 0.34947537
4852.0 0.34893625
4853.0 0.348397666
4854.0 0.347858668
4855.0 0.347318893
4856.0 0.346780021
4857.0 0.34624168
4858.0 0.345702956
4859.0 0.345164294
4860.0 0.344625641
4861.0 0.345107455
4862.0 0.345590258
4863.0 0.346072669
4864.0 0.346555261
4865.0 0.347037956
4866.0 0.347520307
4867.0 0.348003549
4868.0 0.348486552
4869.0 0.348969658
4870.0 0.349452814
4871.0 0.350218084
4872.0 0.350982826
4873.0 0.351748445
4874.0 0.352513482
4875.0 0.353279001
4876.0 0.35404399
4877.0 0.354808928
4878.0 0.355573412
4879.0 0.356338677
4880.0 0.35710392
4881.0 0.353947679
4882.0 0.350790965
4883.0 0.347635522
4884.0 0.344479129
4885.0 0.341322301
4886.0 0.338166248
4887.0 0.335010088
4888.0 0.331853545
4889.0 0.328696507
4890.0 0.325540631
4891.0 0.323432193
4892.0 0.321323563
4893.0 0.319214905
4894.0 0.317105324
4895.0 0.31499566
4896.0 0.312885174
4897.0 0.310773708
4898.0 0.308662972
4899.0 0.306551023
4900.0 0.304438494
4901.0 0.30433981
4902.0 0.304240392
4903.0 0.304140561
4904.0 0.304041511
4905.0 0.303942484
4906.0 0.303843389
4907.0 0.303743928
4908.0 0.30364417
4909.0 0.303545465
4910.0 0.303446052
4911.0 0.304408009
4912.0 0.30537018
4913.0 0.306333212
4914.0 0.307295629
4915.0 0.308258191
4916.0 0.309220548
4917.0 0.310184941
4918.0 0.311147588
4919.0 0.312110754
4920.0 0.313074843
4921.0 0.315091721
4922.0 0.317108355
4923.0 0.319125027
4924.0 0.321141785
4925.0 0.323159456
4926.0 0.325176439
4927.0 0.327193434
4928.0 0.329210563
4929.0 0.331229026
4930.0 0.333246309
4931.0 0.33561375
4932.0 0.337981624
4933.0 0.340350316
4934.0 0.342719108
4935.0 0.345088723
4936.0 0.34745838
4937.0 0.349828548
4938.0 0.35219965
4939.0 0.354571109
4940.0 0.356942222
4941.0 0.357955498
4942.0 0.358969099
4943.0 0.359982536
4944.0 0.360996187
4945.0 0.36201016
4946.0 0.363026179
4947.0 0.364040281
4948.0 0.365054566
4949.0 0.366070081
4950.0 0.367085368
4951.0 0.365411376
4952.0 0.363737611
4953.0 0.362063063
4954.0 0.360389129
4955.0 0.358715804
4956.0 0.357042248
4957.0 0.355369323
4958.0 0.353695663
4959.0 0.35202306
4960.0 0.350350628
4961.0 0.347986271
4962.0 0.34562077
4963.0 0.343255557
4964.0 0.340889252
4965.0 0.338522401
4966.0 0.336155306
4967.0 0.333787154
4968.0 0.331418379
4969.0 0.329049402
4970.0 0.326679377
4971.0 0.327717693
4972.0 0.328755383
4973.0 0.329794004
4974.0 0.330832492
4975.0 0.331871193
4976.0 0.332909605
4977.0 0.333949536
4978.0 0.334988726
4979.0 0.336027698
4980.0 0.337067363
4981.0 0.3396468
4982.0 0.342225986
4983.0 0.34480543
4984.0 0.347385003
4985.0 0.349964809
4986.0 0.352544717
4987.0 0.355124885
4988.0 0.35770518
4989.0 0.360286577
4990.0 0.362866802
4991.0 0.363883453
4992.0 0.364900795
4993.0 0.365918942
4994.0 0.366936875
4995.0 0.367954618
4996.0 0.368973557
4997.0 0.369992389
4998.0 0.371011027
4999.0 0.372029888
5000.0 0.373049926
5001.0 0.373741341
5002.0 0.374431826
5003.0 0.375122898
5004.0 0.375813176
5005.0 0.376503957
5006.0 0.377195245
5007.0 0.377886215
5008.0 0.378578178
5009.0 0.379269253
5010.0 0.379960466
5011.0 0.37898757
5012.0 0.378013972
5013.0 0.377040557
5014.0 0.376067462
5015.0 0.375094033
5016.0 0.374120807
5017.0 0.37314601
5018.0 0.372170886
5019.0 0.371196972
5020.0 0.370221442
5021.0 0.368013644
5022.0 0.365805432
5023.0 0.363597848
5024.0 0.361388887
5025.0 0.35918
5026.0 0.356969836
5027.0 0.354759746
5028.0 0.352549696
5029.0 0.350338359
5030.0 0.348127114
5031.0 0.34562043
5032.0 0.343113161
5033.0 0.340606231
5034.0 0.338097864
5035.0 0.335589317
5036.0 0.333079429
5037.0 0.330568963
5038.0 0.32805923
5039.0 0.325547603
5040.0 0.323035522
5041.0 0.322183632
5042.0 0.32133026
5043.0 0.320477008
5044.0 0.319623946
5045.0 0.318770206
5046.0 0.317916126
5047.0 0.317062256
5048.0 0.316207688
5049.0 0.315352496
5050.0 0.314497394
5051.0 0.314615482
5052.0 0.314732895
5053.0 0.314851031
5054.0 0.314968775
5055.0 0.315086199
5056.0 0.315203587
5057.0 0.315321792
5058.0 0.315439274
5059.0 0.315557052
5060.0 0.315675269
5061.0 0.319663862
5062.0 0.32365294
5063.0 0.327644355
5064.0 0.331635861
5065.0 0.335628484
5066.0 0.339621639
5067.0 0.343616679
5068.0 0.347611908
5069.0 0.351608143
5070.0 0.355605786
5071.0 0.356026054
5072.0 0.356445508
5073.0 0.356864978
5074.0 0.357285001
5075.0 0.357704959
5076.0 0.358124584
5077.0 0.358544682
5078.0 0.358965741
5079.0 0.35938544
5080.0 0.359805208
5081.0 0.361441404
5082.0 0.363077713
5083.0 0.36471383
5084.0 0.366350768
5085.0 0.367988315
5086.0 0.369625279
5087.0 0.371262376
5088.0 0.372899771
5089.0 0.374538339
5090.0 0.376176678
5091.0 0.37345063
5092.0 0.370724213
5093.0 0.367996976
5094.0 0.365268918
5095.0 0.362539167
5096.0 0.359809528
5097.0 0.357079444
5098.0 0.35434808
5099.0 0.351616003
5100.0 0.348882159
5101.0 0.34912213
5102.0 0.34936215
5103.0 0.349602166
5104.0 0.349841889
5105.0 0.350081582
5106.0 0.350322244
5107.0 0.350562508
5108.0 0.350802372
5109.0 0.351042337
5110.0 0.351282271
5111.0 0.35098489
5112.0 0.350686601
5113.0 0.350388171
5114.0 0.350090074
5115.0 0.349791914
5116.0 0.349493691
5117.0 0.349194932
5118.0 0.348896033
5119.0 0.348597098
5120.0 0.348298075
5121.0 0.348519769
5122.0 0.348741515
5123.0 0.348963285
5124.0 0.349184712
5125.0 0.349406215
5126.0 0.349628162
5127.0 0.349850187
5128.0 0.350071815
5129.0 0.35029344
5130.0 0.350515616
5131.0 0.352073321
5132.0 0.353631513
5133.0 0.355190486
5134.0 0.356749466
5135.0 0.35830896
5136.0 0.359868834
5137.0 0.361429141
5138.0 0.362990317
5139.0 0.36455193
5140.0 0.366113567
5141.0 0.366504119
5142.0 0.366894824
5143.0 0.367286426
5144.0 0.367677215
5145.0 0.368068075
5146.0 0.368459945
5147.0 0.368850501
5148.0 0.369241126
5149.0 0.369632264
5150.0 0.370023554
5151.0 0.371613901
5152.0 0.373204291
5153.0 0.374795509
5154.0 0.376386712
5155.0 0.377978774
5156.0 0.379570333
5157.0 0.381163209
5158.0 0.382755602
5159.0 0.384349204
5160.0 0.385942403
5161.0 0.383906735
5162.0 0.381869973
5163.0 0.379832637
5164.0 0.377794642
5165.0 0.375755988
5166.0 0.373716732
5167.0 0.371676846
5168.0 0.369636775
5169.0 0.367595628
5170.0 0.365553412
5171.0 0.365537715
5172.0 0.365521979
5173.0 0.365505766
5174.0 0.365489514
5175.0 0.365473223
5176.0 0.365456893
5177.0 0.365440937
5178.0 0.365424091
5179.0 0.365406795
5180.0 0.365390312
5181.0 0.364372349
5182.0 0.363354566
5183.0 0.362336496
5184.0 0.361317623
5185.0 0.360297979
5186.0 0.359278485
5187.0 0.358258626
5188.0 0.35723859
5189.0 0.356218162
5190.0 0.355197424
5191.0 0.359505045
5192.0 0.363813149
5193.0 0.368121039
5194.0 0.372430336
5195.0 0.376740306
5196.0 0.381051265
5197.0 0.385361926
5198.0 0.389673572
5199.0 0.393986337
5200.0 0.398299249
5201.0 0.395813801
5202.0 0.393326202
5203.0 0.390837263
5204.0 0.388347714
5205.0 0.385856416
5206.0 0.383364355
5207.0 0.380870639
5208.0 0.378376127
5209.0 0.375880389
5210.0 0.3733839
5211.0 0.374318005
5212.0 0.375251559
5213.0 0.376186391
5214.0 0.377121149
5215.0 0.37805722
5216.0 0.378993217
5217.0 0.379929079
5218.0 0.380865347
5219.0 0.381802507
5220.0 0.382740419
5221.0 0.378737128
5222.0 0.374732331
5223.0 0.370727618
5224.0 0.366722667
5225.0 0.362717253
5226.0 0.358711373
5227.0 0.354704467
5228.0 0.350697132
5229.0 0.346689677
5230.0 0.342681266
5231.0 0.342096452
5232.0 0.341511463
5233.0 0.340925839
5234.0 0.340340066
5235.0 0.339754477
5236.0 0.339168661
5237.0 0.338582645
5238.0 0.337995694
5239.0 0.337409254
5240.0 0.336822664
5241.0 0.340681079
5242.0 0.344541955
5243.0 0.348403989
5244.0 0.352267665
5245.0 0.356133413
5246.0 0.360000274
5247.0 0.363868804
5248.0 0.367739831
5249.0 0.3716116
5250.0 0.375484984
5251.0 0.373051509
5252.0 0.370617304
5253.0 0.368182753
5254.0 0.365747438
5255.0 0.363311358
5256.0 0.360873621
5257.0 0.358435616
5258.0 0.355997252
5259.0 0.353558602
5260.0 0.351117417
5261.0 0.3542241
5262.0 0.357331713
5263.0 0.360439849
5264.0 0.363548443
5265.0 0.366659298
5266.0 0.369770617
5267.0 0.372881464
5268.0 0.375993751
5269.0 0.37910786
5270.0 0.382222379
5271.0 0.38098823
5272.0 0.37975252
5273.0 0.378516734
5274.0 0.377279481
5275.0 0.37604218
5276.0 0.374804237
5277.0 0.373565763
5278.0 0.372327624
5279.0 0.371088087
5280.0 0.369847519
5281.0 0.372309431
5282.0 0.374772035
5283.0 0.377233928
5284.0 0.379696913
5285.0 0.382159576
5286.0 0.384622541
5287.0 0.387085083
5288.0 0.389548857
5289.0 0.392011794
5290.0 0.394475474
5291.0 0.392939486
5292.0 0.391401364
5293.0 0.38986364
5294.0 0.388324176
5295.0 0.386784666
5296.0 0.385244815
5297.0 0.383703497
5298.0 0.382161926
5299.0 0.380619725
5300.0 0.379076412
5301.0 0.378228824
5302.0 0.37738098
5303.0 0.376531694
5304.0 0.375683087
5305.0 0.374835238
5306.0 0.37398629
5307.0 0.373137229
5308.0 0.372287049
5309.0 0.371437622
5310.0 0.370588027
5311.0 0.368558101
5312.0 0.366527736
5313.0 0.364495559
5314.0 0.362462861
5315.0 0.360429636
5316.0 0.358394212
5317.0 0.356358693
5318.0 0.354322721
5319.0 0.352284493
5320.0 0.350247102
5321.0 0.353769322
5322.0 0.357293088
5323.0 0.360817913
5324.0 0.36434239
5325.0 0.367867594
5326.0 0.37139386
5327.0 0.374921146
5328.0 0.378448697
5329.0 0.381975901
5330.0 0.385505071
5331.0 0.383180718
5332.0 0.380856657
5333.0 0.378530999
5334.0 0.376204635
5335.0 0.373878183
5336.0 0.371549628
5337.0 0.369222316
5338.0 0.366893877
5339.0 0.364564729
5340.0 0.362234113
5341.0 0.366137809
5342.0 0.370044233
5343.0 0.373951132
5344.0 0.377858788
5345.0 0.381768413
5346.0 0.385679823
5347.0 0.389591632
5348.0 0.393504251
5349.0 0.397419748
5350.0 0.401335043
5351.0 0.40040446
5352.0 0.399473643
5353.0 0.398542054
5354.0 0.397610294
5355.0 0.396678242
5356.0 0.395746433
5357.0 0.394813977
5358.0 0.39388126
5359.0 0.392948312
5360.0 0.392014634
5361.0 0.391594723
5362.0 0.39117458
5363.0 0.390754788
5364.0 0.390333797
5365.0 0.389913187
5366.0 0.38949144
5367.0 0.389070948
5368.0 0.388649784
5369.0 0.388228388
5370.0 0.387805452
5371.0 0.387992678
5372.0 0.388180873
5373.0 0.388368088
5374.0 0.388555284
5375.0 0.388742489
5376.0 0.388929704
5377.0 0.389116956
5378.0 0.38930378
5379.0 0.389491051
5380.0 0.389678272
5381.0 0.388540171
5382.0 0.387402967
5383.0 0.386264449
5384.0 0.385125607
5385.0 0.383986872
5386.0 0.382847265
5387.0 0.381707275
5388.0 0.380567786
5389.0 0.379426575
5390.0 0.378285438
5391.0 0.375773183
5392.0 0.373258602
5393.0 0.370744784
5394.0 0.36822958
5395.0 0.365714185
5396.0 0.363198291
5397.0 0.360681007
5398.0 0.358163986
5399.0 0.355645987
5400.0 0.353127468
5401.0 0.352680831
5402.0 0.35223399
5403.0 0.351786578
5404.0 0.351338937
5405.0 0.350890647
5406.0 0.350443101
5407.0 0.349994801
5408.0 0.349545488
5409.0 0.349097282
5410.0 0.348647959
5411.0 0.350764551
5412.0 0.352882659
5413.0 0.355001049
5414.0 0.357119606
5415.0 0.359239747
5416.0 0.361359701
5417.0 0.363480298
5418.0 0.365601975
5419.0 0.367722618
5420.0 0.36984566
5421.0 0.371539715
5422.0 0.373236025
5423.0 0.374931752
5424.0 0.376627308
5425.0 0.378322202
5426.0 0.380017988
5427.0 0.3817155
5428.0 0.383411858
5429.0 0.3851086
5430.0 0.386806132
5431.0 0.388130148
5432.0 0.389454613
5433.0 0.390779032
5434.0 0.392104278
5435.0 0.393429445
5436.0 0.394754999
5437.0 0.396081861
5438.0 0.397407658
5439.0 0.398734407
5440.0 0.400061513
5441.0 0.401224801
5442.0 0.402387323
5443.0 0.403551548
5444.0 0.404714064
5445.0 0.405877803
5446.0 0.407041736
5447.0 0.408206352
5448.0 0.409369786
5449.0 0.410533869
5450.0 0.411698728
5451.0 0.411218088
5452.0 0.410735685
5453.0 0.41025472
5454.0 0.40977261
5455.0 0.409290277
5456.0 0.408807813
5457.0 0.408325647
5458.0 0.40784283
5459.0 0.407359883
5460.0 0.406876744
5461.0 0.407051104
5462.0 0.407225538
5463.0 0.40740041
5464.0 0.407574806
5465.0 0.407748695
5466.0 0.407923115
5467.0 0.408097637
5468.0 0.40827156
5469.0 0.408445525
5470.0 0.40861944
5471.0 0.409343428
5472.0 0.410066524
5473.0 0.410790906
5474.0 0.411514485
5475.0 0.412238737
5476.0 0.412962272
5477.0 0.413686418
5478.0 0.414410339
5479.0 0.415134965
5480.0 0.415860298
5481.0 0.415416772
5482.0 0.414973588
5483.0 0.414531458
5484.0 0.414087743
5485.0 0.413643904
5486.0 0.413200497
5487.0 0.41275712
5488.0 0.412313649
5489.0 0.411869035
5490.0 0.411424915
5491.0 0.411116976
5492.0 0.410808938
5493.0 0.410500831
5494.0 0.410192195
5495.0 0.409883553
5496.0 0.409574844
5497.0 0.409266097
5498.0 0.408957375
5499.0 0.408648525
5500.0 0.408339729
5501.0 0.406250018
5502.0 0.404158002
5503.0 0.402066682
5504.0 0.399973461
5505.0 0.397880319
5506.0 0.395785407
5507.0 0.393690095
5508.0 0.391593497
5509.0 0.389496086
5510.0 0.387398239
5511.0 0.387853261
5512.0 0.38830693
5513.0 0.388761046
5514.0 0.389215113
5515.0 0.389669775
5516.0 0.390123398
5517.0 0.390577585
5518.0 0.391032662
5519.0 0.391485904
5520.0 0.391940124
5521.0 0.392639251
5522.0 0.393337666
5523.0 0.394036572
5524.0 0.394735648
5525.0 0.395434804
5526.0 0.396133566
5527.0 0.39683303
5528.0 0.397531979
5529.0 0.398231097
5530.0 0.398930292
5531.0 0.399599323
5532.0 0.400267911
5533.0 0.400937646
5534.0 0.401605977
5535.0 0.402274343
5536.0 0.402943797
5537.0 0.403612866
5538.0 0.40428209
5539.0 0.40495038
5540.0 0.405619764
5541.0 0.406170427
5542.0 0.406721644
5543.0 0.407272382
5544.0 0.407823126
5545.0 0.408373786
5546.0 0.408923594
5547.0 0.409474265
5548.0 0.410025066
5549.0 0.410574796
5550.0 0.41112607
5551.0 0.409927707
5552.0 0.408728876
5553.0 0.407529669
5554.0 0.406329569
5555.0 0.405129581
5556.0 0.403930215
5557.0 0.40272929
5558.0 0.401527658
5559.0 0.400325983
5560.0 0.399123004
5561.0 0.400093688
5562.0 0.401063923
5563.0 0.402034308
5564.0 0.403004752
5565.0 0.403975285
5566.0 0.404944906
5567.0 0.405916133
5568.0 0.406885958
5569.0 0.407856356
5570.0 0.408827301
5571.0 0.409097574
5572.0 0.409368374
5573.0 0.409638565
5574.0 0.409908824
5575.0 0.410178535
5576.0 0.410449695
5577.0 0.410719263
5578.0 0.410989419
5579.0 0.411258472
5580.0 0.411528023
5581.0 0.411032235
5582.0 0.410535402
5583.0 0.410039431
5584.0 0.40954346
5585.0 0.409045894
5586.0 0.40854925
5587.0 0.408052118
5588.0 0.407554896
5589.0 0.407057584
5590.0 0.406560761
5591.0 0.406195246
5592.0 0.405830165
5593.0 0.405465364
5594.0 0.4051006
5595.0 0.404735144
5596.0 0.40436912
5597.0 0.40400395
5598.0 0.40363809
5599.0 0.40327127
5600.0 0.402905213
5601.0 0.401143467
5602.0 0.399381278
5603.0 0.397618198
5604.0 0.395855243
5605.0 0.394091815
5606.0 0.392327003
5607.0 0.390562782
5608.0 0.388797186
5609.0 0.387032143
5610.0 0.385265243
5611.0 0.385312063
5612.0 0.385358825
5613.0 0.385405241
5614.0 0.385451078
5615.0 0.38549781
5616.0 0.385544167
5617.0 0.385589512
5618.0 0.385636792
5619.0 0.385682137
5620.0 0.385728492
5621.0 0.387214116
5622.0 0.388701264
5623.0 0.390187555
5624.0 0.391674887
5625.0 0.393161414
5626.0 0.394648928
5627.0 0.396136194
5628.0 0.397623476
5629.0 0.399111429
5630.0 0.40059889
5631.0 0.401767196
5632.0 0.402937586
5633.0 0.404106779
5634.0 0.405277099
5635.0 0.406447581
5636.0 0.407618285
5637.0 0.408788661
5638.0 0.409959778
5639.0 0.411130072
5640.0 0.41230154
5641.0 0.41244638
5642.0 0.412591706
5643.0 0.412738167
5644.0 0.412883167
5645.0 0.413028591
5646.0 0.413174595
5647.0 0.413319043
5648.0 0.41346506
5649.0 0.413610604
5650.0 0.413756698
5651.0 0.412929289
5652.0 0.412101738
5653.0 0.411273951
5654.0 0.410446636
5655.0 0.409618624
5656.0 0.408790958
5657.0 0.407963178
5658.0 0.407134736
5659.0 0.406307123
5660.0 0.405478909
5661.0 0.404607068
5662.0 0.40373491
5663.0 0.402863672
5664.0 0.401991151
5665.0 0.401119454
5666.0 0.400247079
5667.0 0.399374505
5668.0 0.398501733
5669.0 0.39762918
5670.0 0.396755536
5671.0 0.396849034
5672.0 0.396943495
5673.0 0.397038444
5674.0 0.397132395
5675.0 0.397226478
5676.0 0.397320455
5677.0 0.397415513
5678.0 0.397509515
5679.0 0.39760451
5680.0 0.397698625
5681.0 0.398367642
5682.0 0.399036963
5683.0 0.399705959
5684.0 0.400376125
5685.0 0.401045576
5686.0 0.401715601
5687.0 0.402387012
5688.0 0.403056983
5689.0 0.403727799
5690.0 0.404399253
5691.0 0.405286663
5692.0 0.406173779
5693.0 0.407061996
5694.0 0.40794992
5695.0 0.408838952
5696.0 0.409727107
5697.0 0.410615515
5698.0 0.411505069
5699.0 0.412393277
5700.0 0.413283188
5701.0 0.413617799
5702.0 0.413953128
5703.0 0.414288957
5704.0 0.414623958
5705.0 0.414959521
5706.0 0.415294718
5707.0 0.415632
5708.0 0.415966866
5709.0 0.416302825
5710.0 0.416639942
5711.0 0.415785808
5712.0 0.414931029
5713.0 0.414076968
5714.0 0.413221766
5715.0 0.412367802
5716.0 0.411513713
5717.0 0.410658824
5718.0 0.409803691
5719.0 0.408948893
5720.0 0.408094366
5721.0 0.408028894
5722.0 0.407965558
5723.0 0.407900579
5724.0 0.40783612
5725.0 0.407771269
5726.0 0.40770788
5727.0 0.407643398
5728.0 0.407580471
5729.0 0.407516541
5730.0 0.407452644
5731.0 0.408415463
5732.0 0.409377683
5733.0 0.410341686
5734.0 0.411305028
5735.0 0.412269116
5736.0 0.413234046
5737.0 0.414198338
5738.0 0.415164928
5739.0 0.41613085
5740.0 0.41709706
5741.0 0.414392014
5742.0 0.411689498
5743.0 0.408985009
5744.0 0.406281071
5745.0 0.403577644
5746.0 0.40087424
5747.0 0.398170799
5748.0 0.395468415
5749.0 0.392765073
5750.0 0.390062191
5751.0 0.389988748
5752.0 0.389915602
5753.0 0.389841038
5754.0 0.389766799
5755.0 0.389693962
5756.0 0.389620056
5757.0 0.389547026
5758.0 0.389472986
5759.0 0.389399272
5760.0 0.389326985
5761.0 0.389046369
5762.0 0.388767133
5763.0 0.388488348
5764.0 0.38820822
5765.0 0.387928889
5766.0 0.387649662
5767.0 0.387371316
5768.0 0.387092553
5769.0 0.386813719
5770.0 0.386534354
5771.0 0.387048109
5772.0 0.387561622
5773.0 0.388075324
5774.0 0.388589708
5775.0 0.389103703
5776.0 0.389618467
5777.0 0.390132927
5778.0 0.390648916
5779.0 0.391164747
5780.0 0.391680683
5781.0 0.392763871
5782.0 0.393846158
5783.0 0.394930122
5784.0 0.396013859
5785.0 0.397098075
5786.0 0.398182653
5787.0 0.399266437
5788.0 0.400351296
5789.0 0.401436877
5790.0 0.402522137
5791.0 0.403864292
5792.0 0.405206421
5793.0 0.406549395
5794.0 0.407893372
5795.0 0.409236742
5796.0 0.410580596
5797.0 0.411926344
5798.0 0.413272002
5799.0 0.414618089
5800.0 0.415964606
5801.0 0.416624003
5802.0 0.417283016
5803.0 0.417942545
5804.0 0.418601939
5805.0 0.419262038
5806.0 0.419921066
5807.0 0.420581113
5808.0 0.421241713
5809.0 0.421902368
5810.0 0.422562481
5811.0 0.422829583
5812.0 0.423095691
5813.0 0.423362945
5814.0 0.423629771
5815.0 0.423897082
5816.0 0.424165573
5817.0 0.424432565
5818.0 0.424701115
5819.0 0.42496889
5820.0 0.425238132
5821.0 0.424146237
5822.0 0.423053952
5823.0 0.421961808
5824.0 0.420870239
5825.0 0.419777367
5826.0 0.418683976
5827.0 0.417591338
5828.0 0.416497157
5829.0 0.415404123
5830.0 0.414310226
5831.0 0.414223234
5832.0 0.414137669
5833.0 0.414051166
5834.0 0.413965629
5835.0 0.41387946
5836.0 0.41379438
5837.0 0.413707809
5838.0 0.413622141
5839.0 0.413537499
5840.0 0.413451889
5841.0 0.412295916
5842.0 0.411140746
5843.0 0.409984727
5844.0 0.408828955
5845.0 0.407672822
5846.0 0.406515935
5847.0 0.405359742
5848.0 0.404204202
5849.0 0.403047397
5850.0 0.401890765
5851.0 0.403565144
5852.0 0.405240078
5853.0 0.406915361
5854.0 0.408591266
5855.0 0.410266371
5856.0 0.411942677
5857.0 0.413619675
5858.0 0.415296909
5859.0 0.41697435
5860.0 0.418652029
5861.0 0.41838745
5862.0 0.418123264
5863.0 0.417859438
5864.0 0.417594488
5865.0 0.417330454
5866.0 0.417066254
5867.0 0.416801363
5868.0 0.416536862
5869.0 0.416272286
5870.0 0.416008499
5871.0 0.41599532
5872.0 0.415981949
5873.0 0.415969186
5874.0 0.415956384
5875.0 0.415943082
5876.0 0.41593128
5877.0 0.415918486
5878.0 0.415906206
5879.0 0.415893857
5880.0 0.415881992
5881.0 0.414788738
5882.0 0.413695084
5883.0 0.41260103
5884.0 0.411506517
5885.0 0.410412635
5886.0 0.409317895
5887.0 0.408222753
5888.0 0.407127569
5889.0 0.406032101
5890.0 0.404936198
5891.0 0.40780245
5892.0 0.410670341
5893.0 0.413539574
5894.0 0.416409844
5895.0 0.419282014
5896.0 0.422154822
5897.0 0.425029917
5898.0 0.427906247
5899.0 0.430782701
5900.0 0.433662008
5901.0 0.431759057
5902.0 0.429853577
5903.0 0.427949795
5904.0 0.426045012
5905.0 0.42413986
5906.0 0.422234807
5907.0 0.420329224
5908.0 0.418422743
5909.0 0.416517796
5910.0 0.414610963
5911.0 0.416500701
5912.0 0.418391811
5913.0 0.420282141
5914.0 0.422173168
5915.0 0.424066087
5916.0 0.425957654
5917.0 0.427850623
5918.0 0.429743804
5919.0 0.431637261
5920.0 0.433531505
5921.0 0.43257197
5922.0 0.431611419
5923.0 0.430651441
5924.0 0.429689845
5925.0 0.42872948
5926.0 0.427767501
5927.0 0.426806145
5928.0 0.425844245
5929.0 0.424881427
5930.0 0.423919595
5931.0 0.422574081
5932.0 0.421229101
5933.0 0.419883687
5934.0 0.418537376
5935.0 0.417192015
5936.0 0.415845204
5937.0 0.414498902
5938.0 0.41315225
5939.0 0.411804006
5940.0 0.410456352
5941.0 0.408259324
5942.0 0.406062199
5943.0 0.403864402
5944.0 0.401666437
5945.0 0.399467414
5946.0 0.397267691
5947.0 0.395068286
5948.0 0.392867275
5949.0 0.390666169
5950.0 0.388464787
5951.0 0.391222789
5952.0 0.393981827
5953.0 0.396741845
5954.0 0.399503807
5955.0 0.402266879
5956.0 0.405029487
5957.0 0.407794532
5958.0 0.410560629
5959.0 0.413328172
5960.0 0.416096315
5961.0 0.415143031
5962.0 0.414189222
5963.0 0.413234917
5964.0 0.412280632
5965.0 0.411325759
5966.0 0.410369846
5967.0 0.409414369
5968.0 0.408458421
5969.0 0.407501942
5970.0 0.406544933
5971.0 0.407097622
5972.0 0.407650558
5973.0 0.408203055
5974.0 0.408756755
5975.0 0.409310075
5976.0 0.409863613
5977.0 0.410417279
5978.0 0.410971102
5979.0 0.411526078
5980.0 0.412080731
5981.0 0.41199833
5982.0 0.411917406
5983.0 0.411835486
5984.0 0.411754048
5985.0 0.411671524
5986.0 0.411588999
5987.0 0.411506926
5988.0 0.411425814
5989.0 0.411342685
5990.0 0.411260579
5991.0 0.411083862
5992.0 0.410907127
5993.0 0.410731274
5994.0 0.410553392
5995.0 0.410377353
5996.0 0.410199766
5997.0 0.410022701
5998.0 0.409845886
5999.0 0.409668126
6000.0 0.409491245
6001.0 0.410030701
6002.0 0.410571388
6003.0 0.411111688
6004.0 0.41165214
6005.0 0.412192203
6006.0 0.41273302
6007.0 0.41327393
6008.0 0.413814961
6009.0 0.414355269
6010.0 0.414897118
6011.0 0.415110077
6012.0 0.415322642
6013.0 0.415536175
6014.0 0.415749709
6015.0 0.415962848
6016.0 0.416176472
6017.0 0.416390126
6018.0 0.416602809
6019.0 0.416816007
6020.0 0.417029812
6021.0 0.417277678
6022.0 0.417526164
6023.0 0.417774266
6024.0 0.418021894
6025.0 0.418269624
6026.0 0.418518401
6027.0 0.418766825
6028.0 0.419015688
6029.0 0.419263738
6030.0 0.419512747
6031.0 0.419699003
6032.0 0.419886321
6033.0 0.420073236
6034.0 0.420260206
6035.0 0.420446742
6036.0 0.42063324
6037.0 0.420820864
6038.0 0.421007012
6039.0 0.421195175
6040.0 0.421381983
6041.0 0.422494937
6042.0 0.42361009
6043.0 0.424724
6044.0 0.425838049
6045.0 0.426952329
6046.0 0.428067742
6047.0 0.429182924
6048.0 0.430297277
6049.0 0.431413394
6050.0 0.432528649
6051.0 0.432237172
6052.0 0.43194663
6053.0 0.431656018
6054.0 0.431364238
6055.0 0.431074391
6056.0 0.430782408
6057.0 0.430490825
6058.0 0.430199203
6059.0 0.429907884
6060.0 0.429615528
6061.0 0.42895763
6062.0 0.428297373
6063.0 0.427638957
6064.0 0.426978841
6065.0 0.426318918
6066.0 0.425658753
6067.0 0.424997854
6068.0 0.424338253
6069.0 0.423676871
6070.0 0.423015801
6071.0 0.422361
6072.0 0.421705493
6073.0 0.421050869
6074.0 0.420394688
6075.0 0.419740268
6076.0 0.419084203
6077.0 0.418427983
6078.0 0.417772063
6079.0 0.417116078
6080.0 0.416459334
6081.0 0.417648824
6082.0 0.418838161
6083.0 0.420028403
6084.0 0.421218093
6085.0 0.422409668
6086.0 0.423601238
6087.0 0.424791633
6088.0 0.425985555
6089.0 0.427177313
6090.0 0.428370015
6091.0 0.429111346
6092.0 0.429853494
6093.0 0.430594748
6094.0 0.431337785
6095.0 0.432079364
6096.0 0.432822294
6097.0 0.433564856
6098.0 0.43430711
6099.0 0.43505006
6100.0 0.435793771
6101.0 0.435006282
6102.0 0.434221161
6103.0 0.433433856
6104.0 0.432647314
6105.0 0.431859535
6106.0 0.43107155
6107.0 0.430284447
6108.0 0.42949605
6109.0 0.428707974
6110.0 0.427919722
6111.0 0.428771402
6112.0 0.429622471
6113.0 0.430474448
6114.0 0.43132668
6115.0 0.432178764
6116.0 0.433031694
6117.0 0.433884004
6118.0 0.434738667
6119.0 0.435591641
6120.0 0.436446032
6121.0 0.436456312
6122.0 0.436466579
6123.0 0.436477338
6124.0 0.436488209
6125.0 0.436498471
6126.0 0.436508657
6127.0 0.436518861
6128.0 0.436530123
6129.0 0.436539768
6130.0 0.436550532
6131.0 0.43665299
6132.0 0.436755558
6133.0 0.436857639
6134.0 0.436961246
6135.0 0.43706336
6136.0 0.437165962
6137.0 0.437269116
6138.0 0.437371216
6139.0 0.437474434
6140.0 0.437577102
6141.0 0.437707737
6142.0 0.437838368
6143.0 0.43796912
6144.0 0.438099867
6145.0 0.438230042
6146.0 0.438360874
6147.0 0.438491165
6148.0 0.438621987
6149.0 0.438753404
6150.0 0.438883743
6151.0 0.437885939
6152.0 0.43688791
6153.0 0.435889094
6154.0 0.434890587
6155.0 0.433891389
6156.0 0.432891969
6157.0 0.43189273
6158.0 0.430892866
6159.0 0.429893242
6160.0 0.428893426
6161.0 0.426635341
6162.0 0.424376811
6163.0 0.422117827
6164.0 0.41985793
6165.0 0.417596518
6166.0 0.415334675
6167.0 0.413071028
6168.0 0.41080683
6169.0 0.408541693
6170.0 0.406276112
6171.0 0.404766092
6172.0 0.403255464
6173.0 0.401744287
6174.0 0.400232473
6175.0 0.398720138
6176.0 0.397206626
6177.0 0.395693646
6178.0 0.394179518
6179.0 0.392664839
6180.0 0.391149553
6181.0 0.389927519
6182.0 0.388705541
6183.0 0.38748317
6184.0 0.386259852
6185.0 0.385036697
6186.0 0.383813918
6187.0 0.382589342
6188.0 0.381364403
6189.0 0.380138992
6190.0 0.378913706
6191.0 0.378622885
6192.0 0.378332555
6193.0 0.378041958
6194.0 0.377750823
6195.0 0.377459557
6196.0 0.377168213
6197.0 0.376877602
6198.0 0.376585914
6199.0 0.376293691
6200.0 0.376001741
6201.0 0.375488686
6202.0 0.374975501
6203.0 0.374462293
6204.0 0.37394858
6205.0 0.373435166
6206.0 0.372921249
6207.0 0.37240683
6208.0 0.371893242
6209.0 0.371379098
6210.0 0.37086488
6211.0 0.371762284
6212.0 0.372658063
6213.0 0.373555247
6214.0 0.37445085
6215.0 0.37534789
6216.0 0.376244656
6217.0 0.377140982
6218.0 0.378038514
6219.0 0.378935552
6220.0 0.379832363
6221.0 0.382622472
6222.0 0.385413104
6223.0 0.388205637
6224.0 0.390997299
6225.0 0.393791228
6226.0 0.396585725
6227.0 0.399381152
6228.0 0.402177539
6229.0 0.404973901
6230.0 0.407771792
6231.0 0.408734921
6232.0 0.409697749
6233.0 0.410660156
6234.0 0.411623255
6235.0 0.412586461
6236.0 0.413549271
6237.0 0.414512777
6238.0 0.415475944
6239.0 0.416440166
6240.0 0.417402561
6241.0 0.419127388
6242.0 0.420852158
6243.0 0.422576835
6244.0 0.424301383
6245.0 0.426027405
6246.0 0.427753298
6247.0 0.429479636
6248.0 0.431206791
6249.0 0.432932974
6250.0 0.434661581
6251.0 0.434626866
6252.0 0.434592511
6253.0 0.434559289
6254.0 0.43452401
6255.0 0.434490266
6256.0 0.434456509
6257.0 0.434421624
6258.0 0.434386757
6259.0 0.434352466
6260.0 0.434317635
6261.0 0.434647008
6262.0 0.434974936
6263.0 0.435302873
6264.0 0.435631968
6265.0 0.435959087
6266.0 0.436288358
6267.0 0.43661708
6268.0 0.436945439
6269.0 0.437274866
6270.0 0.437603399
6271.0 0.438268711
6272.0 0.438934231
6273.0 0.439600553
6274.0 0.44026699
6275.0 0.44093329
6276.0 0.441599295
6277.0 0.442267018
6278.0 0.442933973
6279.0 0.44360123
6280.0 0.444268632
6281.0 0.442827403
6282.0 0.441385891
6283.0 0.439944286
6284.0 0.438502929
6285.0 0.437060385
6286.0 0.435618215
6287.0 0.434176258
6288.0 0.432732693
6289.0 0.431290942
6290.0 0.429847894
6291.0 0.430357849
6292.0 0.43086826
6293.0 0.431378884
6294.0 0.431889506
6295.0 0.432400341
6296.0 0.432910619
6297.0 0.433421078
6298.0 0.433932059
6299.0 0.43444316
6300.0 0.434954846
6301.0 0.433890458
6302.0 0.432827372
6303.0 0.431764105
6304.0 0.430700134
6305.0 0.429637023
6306.0 0.428571717
6307.0 0.427507725
6308.0 0.426443581
6309.0 0.42537871
6310.0 0.424314173
6311.0 0.424546139
6312.0 0.424778282
6313.0 0.42501036
6314.0 0.425242526
6315.0 0.425474809
6316.0 0.425708055
6317.0 0.425939393
6318.0 0.426172814
6319.0 0.426405233
6320.0 0.426637285
6321.0 0.426170837
6322.0 0.425703661
6323.0 0.425237449
6324.0 0.424769997
6325.0 0.424302935
6326.0 0.423835658
6327.0 0.423368288
6328.0 0.422900223
6329.0 0.422432546
6330.0 0.421964176
6331.0 0.422877053
6332.0 0.423789109
6333.0 0.424701513
6334.0 0.42561517
6335.0 0.426528151
6336.0 0.427441388
6337.0 0.42835543
6338.0 0.429269244
6339.0 0.430183436
6340.0 0.431098314
6341.0 0.430454266
6342.0 0.429810613
6343.0 0.429167476
6344.0 0.428524243
6345.0 0.427880067
6346.0 0.427236314
6347.0 0.426593073
6348.0 0.425949284
6349.0 0.425305433
6350.0 0.424662001
6351.0 0.428432412
6352.0 0.432203329
6353.0 0.435975758
6354.0 0.439749214
6355.0 0.443524198
6356.0 0.447299774
6357.0 0.45107625
6358.0 0.454852301
6359.0 0.458631921
6360.0 0.462411013
6361.0 0.458209653
6362.0 0.454007069
6363.0 0.449804934
6364.0 0.445600974
6365.0 0.441396411
6366.0 0.437191676
6367.0 0.432986263
6368.0 0.428779141
6369.0 0.424572415
6370.0 0.420364474
6371.0 0.421910949
6372.0 0.423458957
6373.0 0.425006162
6374.0 0.426554362
6375.0 0.428103801
6376.0 0.429653729
6377.0 0.431203348
6378.0 0.432754029
6379.0 0.434305838
6380.0 0.435857731
6381.0 0.43170062
6382.0 0.427542758
6383.0 0.423383712
6384.0 0.419223956
6385.0 0.415062035
6386.0 0.41089885
6387.0 0.406735381
6388.0 0.402570261
6389.0 0.398404433
6390.0 0.394235901
6391.0 0.395518539
6392.0 0.396800444
6393.0 0.398083942
6394.0 0.399365772
6395.0 0.40064821
6396.0 0.401931261
6397.0 0.403214129
6398.0 0.404498013
6399.0 0.405780769
6400.0 0.40706555
6401.0 0.405540957
6402.0 0.404017471
6403.0 0.402493742
6404.0 0.400969257
6405.0 0.399444446
6406.0 0.397919451
6407.0 0.396395054
6408.0 0.394869963
6409.0 0.39334268
6410.0 0.391816634
6411.0 0.394390772
6412.0 0.396965744
6413.0 0.399541918
6414.0 0.402118478
6415.0 0.404696245
6416.0 0.407273358
6417.0 0.409852685
6418.0 0.41243236
6419.0 0.415012226
6420.0 0.417592954
6421.0 0.415803416
6422.0 0.414012751
6423.0 0.412223215
6424.0 0.410433112
6425.0 0.408643518
6426.0 0.406851492
6427.0 0.405061819
6428.0 0.403271646
6429.0 0.40148149
6430.0 0.399691295
6431.0 0.403848133
6432.0 0.408005815
6433.0 0.412163861
6434.0 0.416323328
6435.0 0.420481663
6436.0 0.424640859
6437.0 0.428801023
6438.0 0.432960549
6439.0 0.437121445
6440.0 0.441282743
6441.0 0.439655472
6442.0 0.43802753
6443.0 0.43640031
6444.0 0.434772972
6445.0 0.433143833
6446.0 0.431516508
6447.0 0.429887602
6448.0 0.428257827
6449.0 0.426629392
6450.0 0.425000806
6451.0 0.428926661
6452.0 0.43285459
6453.0 0.436782688
6454.0 0.440709915
6455.0 0.444640377
6456.0 0.448569452
6457.0 0.452500155
6458.0 0.456431512
6459.0 0.460363556
6460.0 0.46429514
6461.0 0.461387455
6462.0 0.458480009
6463.0 0.455572773
6464.0 0.452665234
6465.0 0.449758007
6466.0 0.446850965
6467.0 0.443944798
6468.0 0.441037687
6469.0 0.438131915
6470.0 0.435225892
6471.0 0.438156448
6472.0 0.441088561
6473.0 0.444019241
6474.0 0.446951416
6475.0 0.449884722
6476.0 0.452818116
6477.0 0.45575146
6478.0 0.45868594
6479.0 0.461620459
6480.0 0.464556517
6481.0 0.461087883
6482.0 0.457620459
6483.0 0.454152071
6484.0 0.450683189
6485.0 0.447216069
6486.0 0.443747978
6487.0 0.440280434
6488.0 0.436812624
6489.0 0.433345842
6490.0 0.4298777
6491.0 0.431954727
6492.0 0.434031999
6493.0 0.436107945
6494.0 0.438186596
6495.0 0.440263358
6496.0 0.442341418
6497.0 0.444419065
6498.0 0.446496355
6499.0 0.44857537
6500.0 0.450653077
6501.0 0.446569517
6502.0 0.442483556
6503.0 0.438396845
6504.0 0.434310366
6505.0 0.430222054
6506.0 0.426133504
6507.0 0.422044581
6508.0 0.417953944
6509.0 0.413862994
6510.0 0.409771284
6511.0 0.410912389
6512.0 0.412054016
6513.0 0.413195763
6514.0 0.414337043
6515.0 0.415479348
6516.0 0.416620217
6517.0 0.417762673
6518.0 0.418903744
6519.0 0.420046263
6520.0 0.421187893
6521.0 0.418966519
6522.0 0.416744788
6523.0 0.414523674
6524.0 0.412301861
6525.0 0.410081041
6526.0 0.407860079
6527.0 0.405639209
6528.0 0.403418575
6529.0 0.401198118
6530.0 0.398978234
6531.0 0.401993579
6532.0 0.405009012
6533.0 0.408024505
6534.0 0.411040057
6535.0 0.414055611
6536.0 0.417070841
6537.0 0.420087459
6538.0 0.423103283
6539.0 0.426119587
6540.0 0.429134989
6541.0 0.426533848
6542.0 0.423931201
6543.0 0.421328069
6544.0 0.418722995
6545.0 0.416118522
6546.0 0.41351147
6547.0 0.410904478
6548.0 0.408296548
6549.0 0.405687592
6550.0 0.403076362
6551.0 0.406784292
6552.0 0.410490148
6553.0 0.41419683
6554.0 0.417903302
6555.0 0.421609682
6556.0 0.425314891
6557.0 0.42902196
6558.0 0.432726819
6559.0 0.436433079
6560.0 0.440138111
6561.0 0.438036231
6562.0 0.435932365
6563.0 0.433829474
6564.0 0.43172574
6565.0 0.429621533
6566.0 0.427516913
6567.0 0.42541131
6568.0 0.423305299
6569.0 0.421199267
6570.0 0.419093384
6571.0 0.420588718
6572.0 0.422082073
6573.0 0.423577849
6574.0 0.425072026
6575.0 0.426567746
6576.0 0.428061915
6577.0 0.429556973
6578.0 0.431051013
6579.0 0.432546009
6580.0 0.434039951
6581.0 0.432469463
6582.0 0.430896832
6583.0 0.429325471
6584.0 0.427754006
6585.0 0.426181866
6586.0 0.424609595
6587.0 0.423036596
6588.0 0.421464511
6589.0 0.419891758
6590.0 0.418318814
6591.0 0.418823756
6592.0 0.419327337
6593.0 0.41983189
6594.0 0.420336025
6595.0 0.420841048
6596.0 0.421346247
6597.0 0.421849392
6598.0 0.422354587
6599.0 0.422858766
6600.0 0.423362553
6601.0 0.420866836
6602.0 0.418370164
6603.0 0.415873131
6604.0 0.413375241
6605.0 0.410877403
6606.0 0.408379204
6607.0 0.405881073
6608.0 0.403381153
6609.0 0.400882269
6610.0 0.398382483
6611.0 0.400294212
6612.0 0.402206401
6613.0 0.404119
6614.0 0.40603024
6615.0 0.407942833
6616.0 0.409855905
6617.0 0.411767487
6618.0 0.413679075
6619.0 0.415591549
6620.0 0.417503627
6621.0 0.417761706
6622.0 0.418019821
6623.0 0.418277882
6624.0 0.418536509
6625.0 0.418795114
6626.0 0.41905266
6627.0 0.419311779
6628.0 0.419569366
6629.0 0.419828024
6630.0 0.420086155
6631.0 0.419890337
6632.0 0.419694561
6633.0 0.41949776
6634.0 0.419301888
6635.0 0.419105554
6636.0 0.418909704
6637.0 0.418713334
6638.0 0.41851736
6639.0 0.418321456
6640.0 0.418125504
6641.0 0.421406386
6642.0 0.424686527
6643.0 0.427967326
6644.0 0.431248672
6645.0 0.434530728
6646.0 0.437811962
6647.0 0.441093285
6648.0 0.444375353
6649.0 0.447657518
6650.0 0.450939841
6651.0 0.448652081
6652.0 0.44636397
6653.0 0.444076424
6654.0 0.441789592
6655.0 0.439502287
6656.0 0.43721464
6657.0 0.434927119
6658.0 0.432640702
6659.0 0.430353399
6660.0 0.428066797
6661.0 0.431802172
6662.0 0.43553897
6663.0 0.439275967
6664.0 0.443013774
6665.0 0.446752329
6666.0 0.450492235
6667.0 0.454232287
6668.0 0.457973278
6669.0 0.461714463
6670.0 0.465457436
6671.0 0.462820122
6672.0 0.460183009
6673.0 0.457546906
6674.0 0.454910419
6675.0 0.452274231
6676.0 0.449638946
6677.0 0.44700332
6678.0 0.444368151
6679.0 0.441733154
6680.0 0.439099511
6681.0 0.442478245
6682.0 0.445857577
6683.0 0.449238016
6684.0 0.452619124
6685.0 0.456000196
6686.0 0.459382449
6687.0 0.462764752
6688.0 0.466147753
6689.0 0.46953175
6690.0 0.472916452
6691.0 0.468806335
6692.0 0.464696604
6693.0 0.460586073
6694.0 0.456475305
6695.0 0.452364972
6696.0 0.448254328
6697.0 0.444144036
6698.0 0.440033458
6699.0 0.435921148
6700.0 0.431809651
6701.0 0.43329775
6702.0 0.434785135
6703.0 0.436272971
6704.0 0.437760181
6705.0 0.439247783
6706.0 0.440735813
6707.0 0.442222622
6708.0 0.443711019
6709.0 0.445197719
6710.0 0.446685355
6711.0 0.444443969
6712.0 0.442201991
6713.0 0.439961069
6714.0 0.437718056
6715.0 0.435476021
6716.0 0.433231973
6717.0 0.430987912
6718.0 0.428743256
6719.0 0.426498066
6720.0 0.424252911
6721.0 0.424558032
6722.0 0.424862717
6723.0 0.425167357
6724.0 0.425471622
6725.0 0.425776321
6726.0 0.426081547
6727.0 0.426386789
6728.0 0.426691021
6729.0 0.426996806
6730.0 0.427301581
6731.0 0.425847168
6732.0 0.424393598
6733.0 0.422940026
6734.0 0.421486663
6735.0 0.420032885
6736.0 0.418579377
6737.0 0.417126463
6738.0 0.41567364
6739.0 0.414220526
6740.0 0.412768001
6741.0 0.415293693
6742.0 0.417817966
6743.0 0.420342218
6744.0 0.42286887
6745.0 0.425393037
6746.0 0.427918241
6747.0 0.430442889
6748.0 0.432969051
6749.0 0.435493155
6750.0 0.438018259
6751.0 0.435616253
6752.0 0.43321332
6753.0 0.430809374
6754.0 0.42840594
6755.0 0.426000592
6756.0 0.423596289
6757.0 0.421190475
6758.0 0.41878521
6759.0 0.416378976
6760.0 0.413971811
6761.0 0.413463955
6762.0 0.412953813
6763.0 0.412445213
6764.0 0.411936257
6765.0 0.411427411
6766.0 0.410919141
6767.0 0.410410546
6768.0 0.409901974
6769.0 0.409393136
6770.0 0.408885278
6771.0 0.414058045
6772.0 0.419232526
6773.0 0.424407062
6774.0 0.429580939
6775.0 0.434756702
6776.0 0.439931386
6777.0 0.445107961
6778.0 0.450283391
6779.0 0.455459683
6780.0 0.460636951
6781.0 0.456004736
6782.0 0.451373437
6783.0 0.446740747
6784.0 0.442107825
6785.0 0.437475723
6786.0 0.432841899
6787.0 0.428209276
6788.0 0.423574932
6789.0 0.418941404
6790.0 0.414307076
6791.0 0.417915298
6792.0 0.421522877
6793.0 0.425129652
6794.0 0.428736911
6795.0 0.432343784
6796.0 0.435950514
6797.0 0.439556512
6798.0 0.443162798
6799.0 0.446769449
6800.0 0.450374821
6801.0 0.447043895
6802.0 0.443713203
6803.0 0.440382245
6804.0 0.437053105
6805.0 0.433722526
6806.0 0.43039228
6807.0 0.427063302
6808.0 0.423734009
6809.0 0.420404891
6810.0 0.417076155
6811.0 0.417625272
6812.0 0.418173392
6813.0 0.418721993
6814.0 0.419270869
6815.0 0.419819249
6816.0 0.420367548
6817.0 0.420916302
6818.0 0.421463426
6819.0 0.422011959
6820.0 0.42256089
6821.0 0.420834449
6822.0 0.419108868
6823.0 0.417382837
6824.0 0.415657155
6825.0 0.413930996
6826.0 0.412205125
6827.0 0.410478316
6828.0 0.408752432
6829.0 0.407026395
6830.0 0.405299833
6831.0 0.407864555
6832.0 0.410430139
6833.0 0.412995698
6834.0 0.41556123
6835.0 0.418126204
6836.0 0.42069174
6837.0 0.42325722
6838.0 0.425822615
6839.0 0.428387012
6840.0 0.430953354
6841.0 0.428546865
6842.0 0.426140925
6843.0 0.423735382
6844.0 0.421330804
6845.0 0.418926204
6846.0 0.416522945
6847.0 0.414118726
6848.0 0.411716457
6849.0 0.409314635
6850.0 0.40691176
6851.0 0.409917859
6852.0 0.412923849
6853.0 0.415929728
6854.0 0.418935971
6855.0 0.421941155
6856.0 0.424946191
6857.0 0.42795211
6858.0 0.430957436
6859.0 0.433962621
6860.0 0.436968284
6861.0 0.435019694
6862.0 0.433070922
6863.0 0.431121938
6864.0 0.429173259
6865.0 0.42722391
6866.0 0.425273958
6867.0 0.423324698
6868.0 0.421374835
6869.0 0.419424701
6870.0 0.417474475
6871.0 0.419587755
6872.0 0.421699442
6873.0 0.4238124
6874.0 0.425925802
6875.0 0.428037535
6876.0 0.430150685
6877.0 0.432262641
6878.0 0.434374986
6879.0 0.436485656
6880.0 0.438597738
6881.0 0.435605735
6882.0 0.43261279
6883.0 0.429620295
6884.0 0.426627363
6885.0 0.423634936
6886.0 0.420642496
6887.0 0.41764957
6888.0 0.414656227
6889.0 0.411663354
6890.0 0.40867152
6891.0 0.409533964
6892.0 0.410395863
6893.0 0.411258527
6894.0 0.412120207
6895.0 0.412981719
6896.0 0.413843678
6897.0 0.414705912
6898.0 0.415566653
6899.0 0.416428198
6900.0 0.417289665
6901.0 0.413442499
6902.0 0.409594676
6903.0 0.405747575
6904.0 0.401900299
6905.0 0.398054304
6906.0 0.394207124
6907.0 0.390361603
6908.0 0.386515916
6909.0 0.382670538
6910.0 0.378825442
6911.0 0.380156127
6912.0 0.381485852
6913.0 0.382816695
6914.0 0.384147821
6915.0 0.385477887
6916.0 0.386809517
6917.0 0.388141098
6918.0 0.389472875
6919.0 0.390803987
6920.0 0.392135901
6921.0 0.38880473
6922.0 0.385473854
6923.0 0.38214295
6924.0 0.378812377
6925.0 0.37548171
6926.0 0.372152307
6927.0 0.368822365
6928.0 0.365492321
6929.0 0.362164017
6930.0 0.358834303
6931.0 0.361874819
6932.0 0.364915149
6933.0 0.367954074
6934.0 0.370992365
6935.0 0.374030153
6936.0 0.377067279
6937.0 0.380103444
6938.0 0.383138503
6939.0 0.386173926
6940.0 0.389208324
6941.0 0.387277945
6942.0 0.38534695
6943.0 0.383416463
6944.0 0.381485309
6945.0 0.379554118
6946.0 0.377622459
6947.0 0.375691487
6948.0 0.373758665
6949.0 0.371827536
6950.0 0.369894524
6951.0 0.373984999
6952.0 0.378072807
6953.0 0.382160373
6954.0 0.386245778
6955.0 0.39033088
6956.0 0.394413378
6957.0 0.398495668
6958.0 0.40257718
6959.0 0.406656508
6960.0 0.410734179
6961.0 0.41117483
6962.0 0.411615417
6963.0 0.41205635
6964.0 0.412496606
6965.0 0.412936268
6966.0 0.413376308
6967.0 0.413816255
6968.0 0.414255048
6969.0 0.414694779
6970.0 0.415133885
6971.0 0.417145522
6972.0 0.419156974
6973.0 0.421168753
6974.0 0.423179751
6975.0 0.425190201
6976.0 0.427201923
6977.0 0.429210475
6978.0 0.431221773
6979.0 0.433230428
6980.0 0.43523935
6981.0 0.433089124
6982.0 0.430937682
6983.0 0.428785985
6984.0 0.426634458
6985.0 0.424481674
6986.0 0.422328641
6987.0 0.420175418
6988.0 0.418022363
6989.0 0.415868165
6990.0 0.413714106
6991.0 0.415474403
6992.0 0.417233692
6993.0 0.418992292
6994.0 0.420751812
6995.0 0.422510218
6996.0 0.424269101
6997.0 0.426026796
6998.0 0.427785517
6999.0 0.429543563
7000.0 0.431301479
7001.0 0.429600536
7002.0 0.427900029
7003.0 0.426200019
7004.0 0.424501506
7005.0 0.42280143
7006.0 0.421102309
7007.0 0.419403599
7008.0 0.41770542
7009.0 0.416007711
7010.0 0.414309969
7011.0 0.415197129
7012.0 0.416085922
7013.0 0.416972253
7014.0 0.417858344
7015.0 0.418744223
7016.0 0.419630402
7017.0 0.42051541
7018.0 0.421400777
7019.0 0.422285903
7020.0 0.423170424
7021.0 0.420617234
7022.0 0.418063302
7023.0 0.415509091
7024.0 0.412956146
7025.0 0.410402953
7026.0 0.40784952
7027.0 0.405295916
7028.0 0.402743962
7029.0 0.400190799
7030.0 0.397638475
7031.0 0.400377125
7032.0 0.40311549
7033.0 0.40585354
7034.0 0.408591275
7035.0 0.411328195
7036.0 0.414065801
7037.0 0.416800593
7038.0 0.419536995
7039.0 0.422272718
7040.0 0.425007452
7041.0 0.422623553
7042.0 0.420240806
7043.0 0.417858571
7044.0 0.415475988
7045.0 0.413094403
7046.0 0.410712898
7047.0 0.408332533
7048.0 0.405951729
7049.0 0.403572557
7050.0 0.401192871
7051.0 0.404138872
7052.0 0.40708476
7053.0 0.410029076
7054.0 0.412972806
7055.0 0.415916992
7056.0 0.418859585
7057.0 0.421802045
7058.0 0.424742949
7059.0 0.427683781
7060.0 0.430624026
7061.0 0.427951441
7062.0 0.425278267
7063.0 0.422607595
7064.0 0.419936772
7065.0 0.417267947
7066.0 0.414599106
7067.0 0.411931655
7068.0 0.409264706
7069.0 0.406598149
7070.0 0.403933097
7071.0 0.398233414
7072.0 0.392534895
7073.0 0.386836634
7074.0 0.381138621
7075.0 0.375441768
7076.0 0.369745685
7077.0 0.364049792
7078.0 0.358355146
7079.0 0.352660302
7080.0 0.346967125
7081.0 0.333049664
7082.0 0.319134466
7083.0 0.305221151
7084.0 0.29130896
7085.0 0.277398973
7086.0 0.2634909
7087.0 0.24958495
7088.0 0.235680014
7089.0 0.221777852
7090.0 0.207876766
7091.0 0.199128456
7092.0 0.190383433
7093.0 0.181641697
7094.0 0.172903064
7095.0 0.164167941
7096.0 0.15543614
7097.0 0.146707447
7098.0 0.137981915
7099.0 0.129259871
7100.0 0.120541006
7101.0 0.115435547
7102.0 0.110331494
7103.0 0.105229219
7104.0 0.100128187
7105.0 0.095028596
7106.0 0.089930751
7107.0 0.084834116
7108.0 0.079739218
7109.0 0.074645859
7110.0 0.069553857
7111.0 0.067338307
7112.0 0.065123111
7113.0 0.062908173
7114.0 0.060693594
7115.0 0.058479437
7116.0 0.056265548
7117.0 0.054052079
7118.0 0.051838832
7119.0 0.049626001
7120.0 0.047413456
7121.0 0.046052717
7122.0 0.044691958
7123.0 0.043331366
7124.0 0.041970929
7125.0 0.040610488
7126.0 0.039250202
7127.0 0.037889986
7128.0 0.036529911
7129.0 0.035169862
7130.0 0.033809958
7131.0 0.033196322
7132.0 0.032582869
7133.0 0.031969483
7134.0 0.031356236
7135.0 0.030743167
7136.0 0.03013014
7137.0 0.029517327
7138.0 0.028904691
7139.0 0.028292132
7140.0 0.027679689
7141.0 0.027037711
7142.0 0.026395897
7143.0 0.025754218
7144.0 0.02511282
7145.0 0.024471411
7146.0 0.023830252
7147.0 0.023189207
7148.0 0.022548377
7149.0 0.021907715
7150.0 0.02126716
7151.0 0.020636276
7152.0 0.020005585
7153.0 0.01937512
7154.0 0.018744879
7155.0 0.01811486
7156.0 0.017485044
7157.0 0.016855512
7158.0 0.016226126
7159.0 0.015596963
7160.0 0.014968085
7161.0 0.014351922
7162.0 0.013735816
7163.0 0.013119733
7164.0 0.012503705
7165.0 0.011887717
7166.0 0.011271769
7167.0 0.01065583
7168.0 0.010039934
7169.0 0.009424104
7170.0 0.0088083
7171.0 0.008369563
7172.0 0.007930876
7173.0 0.007492328
7174.0 0.007053875
7175.0 0.006615507
7176.0 0.006177238
7177.0 0.005739084
7178.0 0.005301014
7179.0 0.004863044
7180.0 0.004425176
7181.0 0.004230711
7182.0 0.004036284
7183.0 0.003841897
7184.0 0.003647539
7185.0 0.003453232
7186.0 0.003258964
7187.0 0.00306473
7188.0 0.002870531
7189.0 0.002676374
7190.0 0.002482262
7191.0 0.002406318
7192.0 0.002330396
7193.0 0.002254487
7194.0 0.002178604
7195.0 0.002102733
7196.0 0.002026887
7197.0 0.001951054
7198.0 0.001875243
7199.0 0.001799449
7200.0 0.001723673
7201.0 0.001647875
7202.0 0.001572097
7203.0 0.001496342
7204.0 0.001420607
7205.0 0.001344897
7206.0 0.001269208
7207.0 0.001193542
7208.0 0.001117899
7209.0 0.001042276
7210.0 0.000966675
7211.0 0.000948057
7212.0 0.000929447
7213.0 0.000910845
7214.0 0.000892249
7215.0 0.000873662
7216.0 0.000855083
7217.0 0.000836511
7218.0 0.000817948
7219.0 0.000799393
7220.0 0.000780845
7221.0 0.000762307
7222.0 0.000743774
7223.0 0.00072525
7224.0 0.000706734
7225.0 0.000688225
7226.0 0.000669726
7227.0 0.000651234
7228.0 0.000632749
7229.0 0.000614273
7230.0 0.000595806
7231.0 0.00057739
7232.0 0.000558982
7233.0 0.000540578
7234.0 0.000522178
7235.0 0.000503784
7236.0 0.000485396
7237.0 0.000467012
7238.0 0.000448632
7239.0 0.000430259
7240.0 0.000411891
7241.0 0.000393524
7242.0 0.000375164
7243.0 0.000356809
7244.0 0.000338459
7245.0 0.000320115
7246.0 0.000301776
7247.0 0.000283442
7248.0 0.000265114
7249.0 0.00024679
7250.0 0.000228472
7251.0 0.000224445
7252.0 0.000220419
7253.0 0.000216395
7254.0 0.000212373
7255.0 0.000208352
7256.0 0.000204334
7257.0 0.000200317
7258.0 0.000196301
7259.0 0.000192288
7260.0 0.000188276
7261.0 0.000184279
7262.0 0.000180283
7263.0 0.000176289
7264.0 0.000172295
7265.0 0.000168303
7266.0 0.000164312
7267.0 0.000160322
7268.0 0.000156333
7269.0 0.000152345
7270.0 0.000148358
7271.0 0.000144364
7272.0 0.000140372
7273.0 0.000136382
7274.0 0.000132392
7275.0 0.000128405
7276.0 0.000124419
7277.0 0.000120434
7278.0 0.000116451
7279.0 0.00011247
7280.0 0.00010849
7281.0 0.000104511
7282.0 0.000100533
7283.0 9.66e-05
7284.0 9.26e-05
7285.0 8.86e-05
7286.0 8.46e-05
7287.0 8.07e-05
7288.0 7.67e-05
7289.0 7.27e-05
7290.0 6.88e-05
7291.0 6.78e-05
7292.0 6.69e-05
7293.0 6.59e-05
7294.0 6.49e-05
7295.0 6.4e-05
7296.0 6.3e-05
7297.0 6.21e-05
7298.0 6.11e-05
7299.0 6.02e-05
7300.0 5.92e-05
7301.0 5.82e-05
7302.0 5.73e-05
7303.0 5.63e-05
7304.0 5.54e-05
7305.0 5.44e-05
7306.0 5.35e-05
7307.0 5.25e-05
7308.0 5.16e-05
7309.0 5.06e-05
