6504.0 5.89e-05
6505.0 7.28e-05
6506.0 8.67e-05
6507.0 0.000100562
6508.0 0.00011444
6509.0 0.000128321
6510.0 0.000142204
6511.0 0.000156079
6512.0 0.000169955
6513.0 0.000183832
6514.0 0.000197709
6515.0 0.000211587
6516.0 0.000225466
6517.0 0.000239346
6518.0 0.000253226
6519.0 0.000267107
6520.0 0.000280989
6521.0 0.000294852
6522.0 0.000308714
6523.0 0.000322575
6524.0 0.000336434
6525.0 0.000350292
6526.0 0.000364149
6527.0 0.000378005
6528.0 0.00039186
6529.0 0.000405714
6530.0 0.000419567
6531.0 0.00043344
6532.0 0.000447314
6533.0 0.000461188
6534.0 0.000475063
6535.0 0.000488937
6536.0 0.000502812
6537.0 0.000516688
6538.0 0.000530564
6539.0 0.00054444
6540.0 0.000558315
6541.0 0.00057229
6542.0 0.000586268
6543.0 0.000600253
6544.0 0.000614241
6545.0 0.000628236
6546.0 0.000642234
6547.0 0.000656238
6548.0 0.000670247
6549.0 0.000684262
6550.0 0.000698279
6551.0 0.000712162
6552.0 0.000726041
6553.0 0.000739921
6554.0 0.0007538
6555.0 0.000767679
6556.0 0.000781555
6557.0 0.000795435
6558.0 0.00080931
6559.0 0.000823188
6560.0 0.000837063
6561.0 0.000851044
6562.0 0.000865025
6563.0 0.000879011
6564.0 0.000893
6565.0 0.000906991
6566.0 0.000920986
6567.0 0.000934982
6568.0 0.000948981
6569.0 0.000962983
6570.0 0.00097699
6571.0 0.000990882
6572.0 0.00100477
6573.0 0.001018663
6574.0 0.001032551
6575.0 0.001046443
6576.0 0.001060331
6577.0 0.001074221
6578.0 0.001088108
6579.0 0.001101997
6580.0 0.001115883
6581.0 0.001129847
6582.0 0.001143807
6583.0 0.001157772
6584.0 0.001171739
6585.0 0.001185706
6586.0 0.001199674
6587.0 0.001213642
6588.0 0.001227614
6589.0 0.001241586
6590.0 0.00125556
6591.0 0.001269509
6592.0 0.001283455
6593.0 0.001297404
6594.0 0.001311353
6595.0 0.001325305
6596.0 0.001339258
6597.0 0.001353206
6598.0 0.001367161
6599.0 0.001381113
6600.0 0.001395065
6601.0 0.00140909
6602.0 0.001423116
6603.0 0.001437144
6604.0 0.001451173
6605.0 0.001465205
6606.0 0.00147924
6607.0 0.001493278
6608.0 0.001507313
6609.0 0.001521356
6610.0 0.001535399
6611.0 0.001549316
6612.0 0.001563236
6613.0 0.001577156
6614.0 0.001591072
6615.0 0.001604993
6616.0 0.001618915
6617.0 0.001632832
6618.0 0.001646748
6619.0 0.001660668
6620.0 0.001674587
6621.0 0.001688537
6622.0 0.001702487
6623.0 0.001716437
6624.0 0.00173039
6625.0 0.001744344
6626.0 0.001758293
6627.0 0.00177225
6628.0 0.0017862
6629.0 0.001800155
6630.0 0.001814108
6631.0 0.001828108
6632.0 0.00184211
6633.0 0.001856108
6634.0 0.001870112
6635.0 0.001884114
6636.0 0.00189812
6637.0 0.001912125
6638.0 0.001926133
6639.0 0.001940142
6640.0 0.001954152
6641.0 0.001968133
6642.0 0.001982111
6643.0 0.001996091
6644.0 0.002010074
6645.0 0.002024061
6646.0 0.002038043
6647.0 0.002052026
6648.0 0.002066012
6649.0 0.002079999
6650.0 0.002093986
6651.0 0.002107866
6652.0 0.002121743
6653.0 0.002135621
6654.0 0.002149501
6655.0 0.002163378
6656.0 0.002177251
6657.0 0.002191124
6658.0 0.002205001
6659.0 0.002218872
6660.0 0.002232745
6661.0 0.002246915
6662.0 0.002261091
6663.0 0.002275267
6664.0 0.002289447
6665.0 0.002303629
6666.0 0.002317816
6667.0 0.002332004
6668.0 0.002346195
6669.0 0.002360387
6670.0 0.002374586
6671.0 0.002388397
6672.0 0.002402207
6673.0 0.002416018
6674.0 0.002429824
6675.0 0.002443629
6676.0 0.002457435
6677.0 0.002471237
6678.0 0.002485038
6679.0 0.002498836
6680.0 0.002512639
6681.0 0.002526805
6682.0 0.002540975
6683.0 0.002555149
6684.0 0.002569327
6685.0 0.002583503
6686.0 0.002597685
6687.0 0.002611866
6688.0 0.002626051
6689.0 0.00264024
6690.0 0.002654433
6691.0 0.00266845
6692.0 0.002682472
6693.0 0.002696491
6694.0 0.00271051
6695.0 0.002724534
6696.0 0.002738559
6697.0 0.002752587
6698.0 0.002766615
6699.0 0.002780635
6700.0 0.002794662
6701.0 0.002808525
6702.0 0.002822383
6703.0 0.002836244
6704.0 0.0028501
6705.0 0.002863959
6706.0 0.00287782
6707.0 0.002891673
6708.0 0.002905536
6709.0 0.002919388
6710.0 0.002933245
6711.0 0.002947536
6712.0 0.00296183
6713.0 0.002976137
6714.0 0.002990438
6715.0 0.003004752
6716.0 0.003019059
6717.0 0.003033372
6718.0 0.003047689
6719.0 0.003062009
6720.0 0.003076336
6721.0 0.003090394
6722.0 0.00310445
6723.0 0.003118506
6724.0 0.003132559
6725.0 0.003146617
6726.0 0.003160679
6727.0 0.003174742
6728.0 0.003188798
6729.0 0.003202866
6730.0 0.003216928
6731.0 0.003230727
6732.0 0.003244531
6733.0 0.003258331
6734.0 0.003272131
6735.0 0.003285925
6736.0 0.003299718
6737.0 0.003313513
6738.0 0.003327306
6739.0 0.003341095
6740.0 0.003354885
6741.0 0.003368849
6742.0 0.003382801
6743.0 0.003396753
6744.0 0.003410725
6745.0 0.003424676
6746.0 0.003438636
6747.0 0.003452592
6748.0 0.003466559
6749.0 0.00348051
6750.0 0.00349447
6751.0 0.003508769
6752.0 0.003523067
6753.0 0.003537364
6754.0 0.003551671
6755.0 0.003565969
6756.0 0.003580282
6757.0 0.003594588
6758.0 0.003608906
6759.0 0.003623222
6760.0 0.003637537
6761.0 0.003651096
6762.0 0.003664629
6763.0 0.003678173
6764.0 0.003691709
6765.0 0.003705241
6766.0 0.003718775
6767.0 0.003732301
6768.0 0.003745823
6769.0 0.003759339
6770.0 0.003772859
6771.0 0.00378696
6772.0 0.003801074
6773.0 0.003815187
6774.0 0.00382929
6775.0 0.003843408
6776.0 0.003857514
6777.0 0.003871634
6778.0 0.003885742
6779.0 0.003899855
6780.0 0.003913974
6781.0 0.003928037
6782.0 0.003942111
6783.0 0.003956176
6784.0 0.003970241
6785.0 0.003984316
6786.0 0.003998379
6787.0 0.004012455
6788.0 0.004026519
6789.0 0.004040593
6790.0 0.004054662
6791.0 0.004068522
6792.0 0.004082377
6793.0 0.004096226
6794.0 0.004110081
6795.0 0.004123933
6796.0 0.004137784
6797.0 0.00415163
6798.0 0.00416548
6799.0 0.004179335
6800.0 0.004193178
6801.0 0.0043266
6802.0 0.004460012
6803.0 0.00459341
6804.0 0.004726815
6805.0 0.004860193
6806.0 0.004993562
6807.0 0.005126933
6808.0 0.005260289
6809.0 0.005393634
6810.0 0.005526972
6811.0 0.005702674
6812.0 0.00587834
6813.0 0.00605399
6814.0 0.006229621
6815.0 0.006405223
6816.0 0.006580801
6817.0 0.006756364
6818.0 0.006931878
6819.0 0.007107392
6820.0 0.007282892
6821.0 0.00753718
6822.0 0.007791494
6823.0 0.00804581
6824.0 0.008300142
6825.0 0.008554476
6826.0 0.008808825
6827.0 0.009063165
6828.0 0.009317534
6829.0 0.009571911
6830.0 0.009826287
6831.0 0.010124428
6832.0 0.010422589
6833.0 0.010720747
6834.0 0.011018902
6835.0 0.011317039
6836.0 0.01161519
6837.0 0.011913337
6838.0 0.012211479
6839.0 0.012509591
6840.0 0.012807756
6841.0 0.013192673
6842.0 0.013577517
6843.0 0.013962286
6844.0 0.014346997
6845.0 0.014731619
6846.0 0.015116198
6847.0 0.015500652
6848.0 0.015885088
6849.0 0.016269452
6850.0 0.016653682
6851.0 0.017136868
6852.0 0.017620037
6853.0 0.018103188
6854.0 0.018586343
6855.0 0.019069439
6856.0 0.019552514
6857.0 0.020035618
6858.0 0.020518682
6859.0 0.021001727
6860.0 0.021484784
6861.0 0.022066847
6862.0 0.022648963
6863.0 0.023231129
6864.0 0.023813374
6865.0 0.024395646
6866.0 0.024977944
6867.0 0.025560347
6868.0 0.026142777
6869.0 0.026725253
6870.0 0.027307787
6871.0 0.028108117
6872.0 0.0289083
6873.0 0.029708528
6874.0 0.03050875
6875.0 0.031308814
6876.0 0.032108942
6877.0 0.032908943
6878.0 0.033708935
6879.0 0.034508757
6880.0 0.035308651
6881.0 0.0362853
6882.0 0.037261863
6883.0 0.038238455
6884.0 0.039214999
6885.0 0.040191579
6886.0 0.04116815
6887.0 0.042144663
6888.0 0.043121122
6889.0 0.044097616
6890.0 0.045074212
6891.0 0.045984619
6892.0 0.046894865
6893.0 0.0478051
6894.0 0.048715121
6895.0 0.049625023
6896.0 0.050534879
6897.0 0.051444672
6898.0 0.052354181
6899.0 0.053263692
6900.0 0.054173095
6901.0 0.055488837
6902.0 0.056804356
6903.0 0.058119837
6904.0 0.059435153
6905.0 0.060750519
6906.0 0.062065562
6907.0 0.063380722
6908.0 0.064695714
6909.0 0.066010613
6910.0 0.067325415
6911.0 0.068406377
6912.0 0.069487352
6913.0 0.070568715
6914.0 0.071650316
6915.0 0.072731901
6916.0 0.073813961
6917.0 0.074896196
6918.0 0.075978648
6919.0 0.07706115
6920.0 0.078143986
6921.0 0.079604963
6922.0 0.081065774
6923.0 0.082526346
6924.0 0.083986753
6925.0 0.085446898
6926.0 0.08690709
6927.0 0.088366913
6928.0 0.089826459
6929.0 0.091286181
6930.0 0.092745294
6931.0 0.094347297
6932.0 0.095949101
6933.0 0.097550386
6934.0 0.099151351
6935.0 0.100752032
6936.0 0.102352386
6937.0 0.103952331
6938.0 0.105551824
6939.0 0.107151271
6940.0 0.10875029
6941.0 0.110362237
6942.0 0.111974108
6943.0 0.113586229
6944.0 0.115198255
6945.0 0.116810368
6946.0 0.118422436
6947.0 0.120034819
6948.0 0.121646708
6949.0 0.123259243
6950.0 0.124871251
6951.0 0.126755345
6952.0 0.128638389
6953.0 0.130521207
6954.0 0.132403145
6955.0 0.134284837
6956.0 0.136165494
6957.0 0.138045939
6958.0 0.139925979
6959.0 0.141805125
6960.0 0.143683557
6961.0 0.145808499
6962.0 0.14793293
6963.0 0.150056998
6964.0 0.152180334
6965.0 0.15430296
6966.0 0.156425238
6967.0 0.158546994
6968.0 0.160667817
6969.0 0.162788514
6970.0 0.16490848
6971.0 0.166409032
6972.0 0.167909448
6973.0 0.169409933
6974.0 0.170910043
6975.0 0.172409869
6976.0 0.17391015
6977.0 0.175409079
6978.0 0.176909066
6979.0 0.178407909
6980.0 0.179906796
6981.0 0.181716691
6982.0 0.183526393
6983.0 0.185336298
6984.0 0.187146594
6985.0 0.188956653
6986.0 0.190766911
6987.0 0.192577396
6988.0 0.194388273
6989.0 0.196198934
6990.0 0.198009973
6991.0 0.200048651
6992.0 0.202086785
6993.0 0.204124523
6994.0 0.206162649
6995.0 0.208200169
6996.0 0.210237861
6997.0 0.212274902
6998.0 0.214312392
6999.0 0.216349482
7000.0 0.218386445
7001.0 0.220495378
7002.0 0.222603691
7003.0 0.224711417
7004.0 0.22681909
7005.0 0.228925077
7006.0 0.231030714
7007.0 0.23313571
7008.0 0.235240131
7009.0 0.237343944
7010.0 0.239446859
7011.0 0.241075162
7012.0 0.242704205
7013.0 0.244331603
7014.0 0.245958646
7015.0 0.24758535
7016.0 0.249212018
7017.0 0.250837777
7018.0 0.252463536
7019.0 0.254088938
7020.0 0.255713762
7021.0 0.257205292
7022.0 0.25869606
7023.0 0.260186334
7024.0 0.261677081
7025.0 0.263167353
7026.0 0.264657144
7027.0 0.266146487
7028.0 0.267636582
7029.0 0.269125539
7030.0 0.270614716
7031.0 0.27239386
7032.0 0.274172819
7033.0 0.275951574
7034.0 0.277730123
7035.0 0.279508128
7036.0 0.281286608
7037.0 0.283063186
7038.0 0.284840867
7039.0 0.286618095
7040.0 0.288394661
7041.0 0.2895218
7042.0 0.290649041
7043.0 0.291775952
7044.0 0.292901924
7045.0 0.294027895
7046.0 0.295153216
7047.0 0.296278644
7048.0 0.297403035
7049.0 0.298527898
7050.0 0.299651654
7051.0 0.300929599
7052.0 0.302207637
7053.0 0.303484684
7054.0 0.304761473
7055.0 0.306038772
7056.0 0.307315071
7057.0 0.308591445
7058.0 0.309866852
7059.0 0.311142378
7060.0 0.312417647
7061.0 0.313860716
7062.0 0.315302123
7063.0 0.316744148
7064.0 0.318184821
7065.0 0.319625759
7066.0 0.321065429
7067.0 0.32250491
7068.0 0.323943508
7069.0 0.325381125
7070.0 0.326818647
7071.0 0.327811632
7072.0 0.328804861
7073.0 0.329797581
7074.0 0.330789764
7075.0 0.331782192
7076.0 0.332774534
7077.0 0.333766264
7078.0 0.334758339
7079.0 0.335749411
7080.0 0.336741241
7081.0 0.337972739
7082.0 0.339204476
7083.0 0.340436091
7084.0 0.341666699
7085.0 0.342897499
7086.0 0.344128173
7087.0 0.345359021
7088.0 0.346588475
7089.0 0.347819049
7090.0 0.34904817
7091.0 0.349656956
7092.0 0.350265468
7093.0 0.350873707
7094.0 0.351481292
7095.0 0.352089033
7096.0 0.352696577
7097.0 0.353303414
7098.0 0.353909594
7099.0 0.354515932
7100.0 0.35512161
7101.0 0.356175244
7102.0 0.357228187
7103.0 0.35828165
7104.0 0.359333854
7105.0 0.360385386
7106.0 0.361437417
7107.0 0.362487811
7108.0 0.363538706
7109.0 0.364589321
7110.0 0.365638707
7111.0 0.366907284
7112.0 0.368175706
7113.0 0.369443415
7114.0 0.370710966
7115.0 0.371978763
7116.0 0.37324584
7117.0 0.374513193
7118.0 0.375779443
7119.0 0.377045941
7120.0 0.37831171
7121.0 0.378105588
7122.0 0.377898461
7123.0 0.377691859
7124.0 0.377485726
7125.0 0.377278616
7126.0 0.377071975
7127.0 0.376864986
7128.0 0.376658357
7129.0 0.37645089
7130.0 0.376243809
7131.0 0.377303421
7132.0 0.378363238
7133.0 0.379421919
7134.0 0.380480283
7135.0 0.381538799
7136.0 0.38259578
7137.0 0.383653355
7138.0 0.384711112
7139.0 0.385767716
7140.0 0.386823634
7141.0 0.387397025
7142.0 0.387970255
7143.0 0.388542875
7144.0 0.389117137
7145.0 0.389688531
7146.0 0.390261091
7147.0 0.390832639
7148.0 0.391404876
7149.0 0.391977009
7150.0 0.392547956
7151.0 0.393435846
7152.0 0.39432283
7153.0 0.395209534
7154.0 0.396095902
7155.0 0.396981904
7156.0 0.397867108
7157.0 0.398753363
7158.0 0.399637458
7159.0 0.400521124
7160.0 0.401405995
7161.0 0.401249471
7162.0 0.401093441
7163.0 0.400936913
7164.0 0.40078085
7165.0 0.400624873
7166.0 0.400468894
7167.0 0.400311836
7168.0 0.400154836
7169.0 0.399998793
7170.0 0.399842226
7171.0 0.400275569
7172.0 0.400706415
7173.0 0.401139071
7174.0 0.40157153
7175.0 0.40200303
7176.0 0.402434301
7177.0 0.402866544
7178.0 0.40329762
7179.0 0.403728554
7180.0 0.404159493
7181.0 0.404501136
7182.0 0.40484261
7183.0 0.40518412
7184.0 0.405524516
7185.0 0.405866277
7186.0 0.406208018
7187.0 0.406549116
7188.0 0.406889688
7189.0 0.407230653
7190.0 0.407572488
7191.0 0.408094723
7192.0 0.408617322
7193.0 0.409138795
7194.0 0.409661557
7195.0 0.410183162
7196.0 0.410705702
7197.0 0.411227052
7198.0 0.41174928
7199.0 0.412270826
7200.0 0.41279223
7201.0 0.41344636
7202.0 0.414099733
7203.0 0.414752893
7204.0 0.415405353
7205.0 0.41605863
7206.0 0.416711208
7207.0 0.417363968
7208.0 0.418016546
7209.0 0.418668422
7210.0 0.419320053
7211.0 0.419420199
7212.0 0.41951978
7213.0 0.419619714
7214.0 0.419718529
7215.0 0.419817882
7216.0 0.419917098
7217.0 0.420015746
7218.0 0.420114779
7219.0 0.420213767
7220.0 0.420312157
7221.0 0.420695894
7222.0 0.421078353
7223.0 0.421460644
7224.0 0.421843198
7225.0 0.422224562
7226.0 0.42260678
7227.0 0.422988705
7228.0 0.423369531
7229.0 0.423751027
7230.0 0.424132417
7231.0 0.423978075
7232.0 0.423825247
7233.0 0.423671972
7234.0 0.423518189
7235.0 0.423364426
7236.0 0.423212144
7237.0 0.423058421
7238.0 0.422904719
7239.0 0.422752093
7240.0 0.422598866
7241.0 0.423009545
7242.0 0.423421574
7243.0 0.423832901
7244.0 0.424244118
7245.0 0.424654757
7246.0 0.425066691
7247.0 0.425477547
7248.0 0.425888731
7249.0 0.426298645
7250.0 0.426709548
7251.0 0.42624099
7252.0 0.425772563
7253.0 0.425304362
7254.0 0.424837293
7255.0 0.424368852
7256.0 0.423902137
7257.0 0.423434553
7258.0 0.422967598
7259.0 0.422500868
7260.0 0.422034268
7261.0 0.422492669
7262.0 0.422951947
7263.0 0.423411075
7264.0 0.423870584
7265.0 0.424328881
7266.0 0.424788719
7267.0 0.425245615
7268.0 0.425704527
7269.0 0.426163762
7270.0 0.4266208
7271.0 0.426584735
7272.0 0.426548055
7273.0 0.426512432
7274.0 0.426475186
7275.0 0.426438492
7276.0 0.426401815
7277.0 0.426364996
7278.0 0.42632876
7279.0 0.426293015
7280.0 0.426256245
7281.0 0.425557941
7282.0 0.424858853
7283.0 0.424161029
7284.0 0.423463428
7285.0 0.422765644
7286.0 0.422069116
7287.0 0.421371781
7288.0 0.420675761
7289.0 0.419978439
7290.0 0.419282929
7291.0 0.419527313
7292.0 0.419772566
7293.0 0.420017224
7294.0 0.420262284
7295.0 0.420506656
7296.0 0.420750369
7297.0 0.420994516
7298.0 0.421238535
7299.0 0.421482896
7300.0 0.421727161
7301.0 0.422357996
7302.0 0.422988029
7303.0 0.423617856
7304.0 0.424247981
7305.0 0.424877807
7306.0 0.425506954
7307.0 0.426136338
7308.0 0.426764947
7309.0 0.427393317
7310.0 0.428022564
7311.0 0.428374463
7312.0 0.428726193
7313.0 0.429077243
7314.0 0.4294287
7315.0 0.429780564
7316.0 0.430131781
7317.0 0.430482861
7318.0 0.430834318
7319.0 0.431184612
7320.0 0.431534736
7321.0 0.431254219
7322.0 0.430972779
7323.0 0.430691446
7324.0 0.430410091
7325.0 0.430129259
7326.0 0.429847989
7327.0 0.429566792
7328.0 0.42928551
7329.0 0.429004847
7330.0 0.428723745
7331.0 0.42813417
7332.0 0.427545323
7333.0 0.426955578
7334.0 0.426365479
7335.0 0.42577716
7336.0 0.425187978
7337.0 0.424600538
7338.0 0.424011254
7339.0 0.42342314
7340.0 0.42283515
7341.0 0.423491401
7342.0 0.424148996
7343.0 0.424804099
7344.0 0.425460995
7345.0 0.42611555
7346.0 0.42677181
7347.0 0.427426778
7348.0 0.428080929
7349.0 0.428735289
7350.0 0.429390406
7351.0 0.429372679
7352.0 0.42935445
7353.0 0.429337747
7354.0 0.429320542
7355.0 0.429302224
7356.0 0.429285497
7357.0 0.429267721
7358.0 0.429250409
7359.0 0.429232498
7360.0 0.429214601
7361.0 0.428875726
7362.0 0.428535703
7363.0 0.428196848
7364.0 0.427857619
7365.0 0.427517437
7366.0 0.427179321
7367.0 0.426839772
7368.0 0.426501292
7369.0 0.42616183
7370.0 0.4258235
7371.0 0.426468188
7372.0 0.427113667
7373.0 0.427759008
7374.0 0.428403086
7375.0 0.429048055
7376.0 0.42969237
7377.0 0.43033645
7378.0 0.430980909
7379.0 0.431625199
7380.0 0.432268734
7381.0 0.431735762
7382.0 0.431202406
7383.0 0.430669283
7384.0 0.430136944
7385.0 0.429605355
7386.0 0.429072995
7387.0 0.428540739
7388.0 0.428009264
7389.0 0.427477539
7390.0 0.426947141
7391.0 0.427029069
7392.0 0.427110907
7393.0 0.427193363
7394.0 0.427274151
7395.0 0.427356557
7396.0 0.427438841
7397.0 0.427520067
7398.0 0.427602301
7399.0 0.427683572
7400.0 0.427765755
7401.0 0.42787479
7402.0 0.427983745
7403.0 0.428093009
7404.0 0.428202063
7405.0 0.428310455
7406.0 0.428418637
7407.0 0.428528231
7408.0 0.428635574
7409.0 0.428743745
7410.0 0.428851741
7411.0 0.428307144
7412.0 0.427762586
7413.0 0.427217517
7414.0 0.426673652
7415.0 0.426128728
7416.0 0.425584972
7417.0 0.42504074
7418.0 0.424496065
7419.0 0.423952491
7420.0 0.423408442
7421.0 0.423104138
7422.0 0.422800431
7423.0 0.422496359
7424.0 0.422192916
7425.0 0.421888018
7426.0 0.4215858
7427.0 0.421281169
7428.0 0.420978158
7429.0 0.420675774
7430.0 0.420372451
7431.0 0.420412094
7432.0 0.420451101
7433.0 0.42049107
7434.0 0.420529475
7435.0 0.42056878
7436.0 0.4206086
7437.0 0.420647302
7438.0 0.420686425
7439.0 0.420725006
7440.0 0.420764551
7441.0 0.420254804
7442.0 0.419745125
7443.0 0.419235227
7444.0 0.418726007
7445.0 0.418217558
7446.0 0.417709209
7447.0 0.417199528
7448.0 0.416691604
7449.0 0.416183939
7450.0 0.415676439
7451.0 0.41576252
7452.0 0.415847407
7453.0 0.415932816
7454.0 0.41601808
7455.0 0.41610428
7456.0 0.416189476
7457.0 0.416275514
7458.0 0.416360419
7459.0 0.416445881
7460.0 0.416530081
7461.0 0.416352741
7462.0 0.416175437
7463.0 0.415998137
7464.0 0.415821413
7465.0 0.415643102
7466.0 0.415466991
7467.0 0.415289324
7468.0 0.415112743
7469.0 0.414934607
7470.0 0.414758543
7471.0 0.414755802
7472.0 0.414752956
7473.0 0.41475061
7474.0 0.414747204
7475.0 0.414744775
7476.0 0.414741797
7477.0 0.414739286
7478.0 0.414735651
7479.0 0.414733536
7480.0 0.414730361
7481.0 0.414746404
7482.0 0.414764639
7483.0 0.414780667
7484.0 0.414797707
7485.0 0.414815154
7486.0 0.414832083
7487.0 0.414847918
7488.0 0.414864799
7489.0 0.414881034
7490.0 0.414898379
7491.0 0.415024761
7492.0 0.415151611
7493.0 0.415278353
7494.0 0.415405532
7495.0 0.415531578
7496.0 0.41565803
7497.0 0.415784342
7498.0 0.415911092
7499.0 0.416037157
7500.0 0.416163692
7501.0 0.416041892
7502.0 0.415919586
7503.0 0.415798861
7504.0 0.41567702
7505.0 0.415555284
7506.0 0.415434551
7507.0 0.415312767
7508.0 0.415191536
7509.0 0.415069287
7510.0 0.414948072
7511.0 0.415145443
7512.0 0.415343678
7513.0 0.4155413
7514.0 0.415738147
7515.0 0.415934861
7516.0 0.416131927
7517.0 0.416329377
7518.0 0.416526148
7519.0 0.416722174
7520.0 0.416918003
7521.0 0.417391361
7522.0 0.417863999
7523.0 0.418334455
7524.0 0.418806976
7525.0 0.419279424
7526.0 0.419751766
7527.0 0.4202225
7528.0 0.42069417
7529.0 0.42116632
7530.0 0.421637839
7531.0 0.421448683
7532.0 0.421260727
7533.0 0.421072266
7534.0 0.420883826
7535.0 0.420695014
7536.0 0.420507726
7537.0 0.420317842
7538.0 0.420130169
7539.0 0.419942549
7540.0 0.419754426
7541.0 0.419855665
7542.0 0.419957382
7543.0 0.420058925
7544.0 0.420160554
7545.0 0.420261058
7546.0 0.420364203
7547.0 0.420464552
7548.0 0.420566003
7549.0 0.420667902
7550.0 0.420768608
7551.0 0.420460964
7552.0 0.420153929
7553.0 0.419846946
7554.0 0.419539524
7555.0 0.4192333
7556.0 0.418926572
7557.0 0.418619339
7558.0 0.418312846
7559.0 0.418006275
7560.0 0.417699364
7561.0 0.417670008
7562.0 0.417641203
7563.0 0.417612294
7564.0 0.417582792
7565.0 0.417554363
7566.0 0.417525374
7567.0 0.417495268
7568.0 0.417466171
7569.0 0.417437002
7570.0 0.417407338
7571.0 0.417378786
7572.0 0.417351211
7573.0 0.417322093
7574.0 0.417293428
7575.0 0.417266395
7576.0 0.417236543
7577.0 0.417208257
7578.0 0.417180588
7579.0 0.417151147
7580.0 0.41712229
7581.0 0.416820173
7582.0 0.416517092
7583.0 0.41621357
7584.0 0.4159117
7585.0 0.415608833
7586.0 0.415305527
7587.0 0.415004491
7588.0 0.414701318
7589.0 0.414398228
7590.0 0.414096851
7591.0 0.413806677
7592.0 0.413517132
7593.0 0.413227141
7594.0 0.412936769
7595.0 0.412648619
7596.0 0.412358398
7597.0 0.41206835
7598.0 0.411780033
7599.0 0.411490136
7600.0 0.411200347
7601.0 0.411142431
7602.0 0.41108332
7603.0 0.411024376
7604.0 0.41096628
7605.0 0.410906144
7606.0 0.410847505
7607.0 0.410788319
7608.0 0.41072969
7609.0 0.410670383
7610.0 0.410611179
7611.0 0.410745716
7612.0 0.410879672
7613.0 0.411015028
7614.0 0.41114912
7615.0 0.411283639
7616.0 0.411416857
7617.0 0.411550503
7618.0 0.411684479
7619.0 0.411818393
7620.0 0.411950418
7621.0 0.411941959
7622.0 0.411932859
7623.0 0.411923738
7624.0 0.411915153
7625.0 0.411905369
7626.0 0.411897135
7627.0 0.411887278
7628.0 0.41187789
7629.0 0.411868383
7630.0 0.411858332
7631.0 0.411555891
7632.0 0.411252869
7633.0 0.410949986
7634.0 0.410647667
7635.0 0.410343788
7636.0 0.410041682
7637.0 0.409739029
7638.0 0.409436483
7639.0 0.409132967
7640.0 0.408831645
7641.0 0.408508729
7642.0 0.408186122
7643.0 0.407864054
7644.0 0.407540602
7645.0 0.407218924
7646.0 0.406896254
7647.0 0.406574803
7648.0 0.406253044
7649.0 0.405930264
7650.0 0.405609771
7651.0 0.405678002
7652.0 0.405748276
7653.0 0.405816765
7654.0 0.405885156
7655.0 0.405954586
7656.0 0.40602226
7657.0 0.406090974
7658.0 0.406160078
7659.0 0.406227978
7660.0 0.406296855
7661.0 0.406569644
7662.0 0.406841557
7663.0 0.407113342
7664.0 0.407384772
7665.0 0.407656632
7666.0 0.40792876
7667.0 0.408199549
7668.0 0.408470179
7669.0 0.40874111
7670.0 0.409011818
7671.0 0.408446379
7672.0 0.407880183
7673.0 0.407314904
7674.0 0.406749297
7675.0 0.40618454
7676.0 0.405618998
7677.0 0.405055384
7678.0 0.404491541
7679.0 0.403927339
7680.0 0.403364083
7681.0 0.402886819
7682.0 0.402411514
7683.0 0.401935275
7684.0 0.401460344
7685.0 0.40098351
7686.0 0.400509115
7687.0 0.400033856
7688.0 0.399559415
7689.0 0.399085145
7690.0 0.398610531
7691.0 0.398238586
7692.0 0.397866243
7693.0 0.397495078
7694.0 0.397122518
7695.0 0.396751136
7696.0 0.396378843
7697.0 0.396007213
7698.0 0.39563631
7699.0 0.395265011
7700.0 0.394894919
7701.0 0.394486528
7702.0 0.394078841
7703.0 0.39367026
7704.0 0.393263406
7705.0 0.39285569
7706.0 0.392448071
7707.0 0.392040103
7708.0 0.391633411
7709.0 0.391226848
7710.0 0.390819872
7711.0 0.390384434
7712.0 0.389948711
7713.0 0.389513688
7714.0 0.389077401
7715.0 0.388643333
7716.0 0.388208508
7717.0 0.387774445
7718.0 0.387339436
7719.0 0.386905821
7720.0 0.386471893
7721.0 0.386215369
7722.0 0.385958468
7723.0 0.385701536
7724.0 0.385445362
7725.0 0.385187678
7726.0 0.384931663
7727.0 0.384675146
7728.0 0.38441929
7729.0 0.384162524
7730.0 0.383906797
7731.0 0.383401804
7732.0 0.382897534
7733.0 0.382392419
7734.0 0.381888153
7735.0 0.381384608
7736.0 0.380880846
7737.0 0.380377306
7738.0 0.379874019
7739.0 0.379370953
7740.0 0.378868667
7741.0 0.378803013
7742.0 0.378736838
7743.0 0.378672286
7744.0 0.378606063
7745.0 0.378540407
7746.0 0.378474603
7747.0 0.378408838
7748.0 0.378343049
7749.0 0.378277796
7750.0 0.378211368
7751.0 0.378269839
7752.0 0.378329706
7753.0 0.378387856
7754.0 0.378446593
7755.0 0.378504545
7756.0 0.37856399
7757.0 0.378621809
7758.0 0.37867956
7759.0 0.378738211
7760.0 0.378795703
7761.0 0.378524915
7762.0 0.378254733
7763.0 0.377983718
7764.0 0.377713339
7765.0 0.377442566
7766.0 0.377172928
7767.0 0.376902957
7768.0 0.376633123
7769.0 0.376363393
7770.0 0.376093831
7771.0 0.376235987
7772.0 0.376377974
7773.0 0.376519416
7774.0 0.376661219
7775.0 0.376802352
7776.0 0.37694397
7777.0 0.377085387
7778.0 0.377226853
7779.0 0.377367992
7780.0 0.377508709
7781.0 0.377806056
7782.0 0.378103701
7783.0 0.37840067
7784.0 0.378696458
7785.0 0.378993078
7786.0 0.379288956
7787.0 0.379585796
7788.0 0.379881389
7789.0 0.380177755
7790.0 0.38047303
7791.0 0.380534294
7792.0 0.380594859
7793.0 0.3806559
7794.0 0.380716844
7795.0 0.380777122
7796.0 0.380837842
7797.0 0.380898531
7798.0 0.380959028
7799.0 0.381019493
7800.0 0.381079321
7801.0 0.381305579
7802.0 0.381531726
7803.0 0.381757604
7804.0 0.381983339
7805.0 0.382209859
7806.0 0.382434095
7807.0 0.38265966
7808.0 0.382884442
7809.0 0.38310966
7810.0 0.383333548
7811.0 0.383281947
7812.0 0.38323023
7813.0 0.383178396
7814.0 0.383126511
7815.0 0.383075088
7816.0 0.383023517
7817.0 0.382970254
7818.0 0.382919127
7819.0 0.382866854
7820.0 0.382813886
7821.0 0.383001886
7822.0 0.383189743
7823.0 0.383377296
7824.0 0.383564092
7825.0 0.383752781
7826.0 0.383938515
7827.0 0.384125627
7828.0 0.38431143
7829.0 0.384497609
7830.0 0.384683419
7831.0 0.384501372
7832.0 0.38431936
7833.0 0.384136216
7834.0 0.383954275
7835.0 0.383770619
7836.0 0.383588782
7837.0 0.383405814
7838.0 0.383223432
7839.0 0.383041637
7840.0 0.382858808
7841.0 0.383144948
7842.0 0.383429884
7843.0 0.383715109
7844.0 0.384000201
7845.0 0.384285585
7846.0 0.38457025
7847.0 0.384854096
7848.0 0.385138397
7849.0 0.385422402
7850.0 0.385705749
7851.0 0.384722608
7852.0 0.383739251
7853.0 0.382757899
7854.0 0.381777438
7855.0 0.380796183
7856.0 0.379817542
7857.0 0.378838662
7858.0 0.377861225
7859.0 0.376884167
7860.0 0.375908485
7861.0 0.376083881
7862.0 0.376258098
7863.0 0.37643367
7864.0 0.376606872
7865.0 0.376781625
7866.0 0.376955033
7867.0 0.37712877
7868.0 0.377302386
7869.0 0.377475784
7870.0 0.377648447
7871.0 0.377214977
7872.0 0.376780678
7873.0 0.37634652
7874.0 0.37591376
7875.0 0.375480207
7876.0 0.375047856
7877.0 0.374614681
7878.0 0.374182353
7879.0 0.373750167
7880.0 0.373317736
7881.0 0.373104072
7882.0 0.372889951
7883.0 0.372674732
7884.0 0.372461172
7885.0 0.372246707
7886.0 0.372033323
7887.0 0.371818874
7888.0 0.371604993
7889.0 0.371390753
7890.0 0.371177561
7891.0 0.370913488
7892.0 0.370649483
7893.0 0.370386056
7894.0 0.370122791
7895.0 0.369860105
7896.0 0.369595983
7897.0 0.369332951
7898.0 0.369070592
7899.0 0.368807278
7900.0 0.36854451
7901.0 0.368311721
7902.0 0.368079522
7903.0 0.367846892
7904.0 0.367614309
7905.0 0.367382283
7906.0 0.367150942
7907.0 0.366918597
7908.0 0.366686873
7909.0 0.366455132
7910.0 0.366223025
7911.0 0.365936702
7912.0 0.365649907
7913.0 0.365363244
7914.0 0.36507773
7915.0 0.364791933
7916.0 0.364505697
7917.0 0.364220101
7918.0 0.363935111
7919.0 0.363648194
7920.0 0.363362929
7921.0 0.363308084
7922.0 0.363252607
7923.0 0.363196561
7924.0 0.363141466
7925.0 0.363085263
7926.0 0.363029061
7927.0 0.362972764
7928.0 0.362917389
7929.0 0.36286046
7930.0 0.362804992
7931.0 0.362489512
7932.0 0.362174686
7933.0 0.361859405
7934.0 0.361544239
7935.0 0.361229694
7936.0 0.360915265
7937.0 0.360599906
7938.0 0.360286244
7939.0 0.359972191
7940.0 0.359657147
7941.0 0.359513338
7942.0 0.359368928
7943.0 0.359223003
7944.0 0.359079635
7945.0 0.358934752
7946.0 0.3587899
7947.0 0.358645965
7948.0 0.358501082
7949.0 0.358355662
7950.0 0.358211253
7951.0 0.357680931
7952.0 0.35714939
7953.0 0.356619938
7954.0 0.356089741
7955.0 0.355559304
7956.0 0.355031485
7957.0 0.35450239
7958.0 0.353974278
7959.0 0.353445491
7960.0 0.352918654
7961.0 0.352918593
7962.0 0.352918412
7963.0 0.352918048
7964.0 0.352917595
7965.0 0.352917586
7966.0 0.352917362
7967.0 0.35291702
7968.0 0.35291662
7969.0 0.352915035
7970.0 0.352914395
7971.0 0.352574866
7972.0 0.352233911
7973.0 0.351893691
7974.0 0.351554706
7975.0 0.351214829
7976.0 0.350875092
7977.0 0.350536026
7978.0 0.350197131
7979.0 0.34985741
7980.0 0.349518857
7981.0 0.34933881
7982.0 0.349158632
7983.0 0.348978853
7984.0 0.348799007
7985.0 0.348618875
7986.0 0.348438147
7987.0 0.348257321
7988.0 0.348076894
7989.0 0.347896308
7990.0 0.347714068
7991.0 0.347410184
7992.0 0.34710589
7993.0 0.346801029
7994.0 0.346496288
7995.0 0.346191634
7996.0 0.345888556
7997.0 0.34558296
7998.0 0.345278971
7999.0 0.344975069
8000.0 0.344670078
8001.0 0.344441827
8002.0 0.344213194
8003.0 0.343985107
8004.0 0.343755556
8005.0 0.343527634
8006.0 0.343299825
8007.0 0.343071541
8008.0 0.342842815
8009.0 0.342614758
8010.0 0.342387154
8011.0 0.341794022
8012.0 0.341200721
8013.0 0.340608269
8014.0 0.340016172
8015.0 0.33942443
8016.0 0.338833533
8017.0 0.3382425
8018.0 0.337651823
8019.0 0.33706147
8020.0 0.336471016
8021.0 0.336570499
8022.0 0.336669391
8023.0 0.336767598
8024.0 0.336866708
8025.0 0.336964644
8026.0 0.337063026
8027.0 0.337161212
8028.0 0.337259722
8029.0 0.337357208
8030.0 0.337455418
8031.0 0.337245811
8032.0 0.337035156
8033.0 0.336826153
8034.0 0.336617145
8035.0 0.336407152
8036.0 0.336197767
8037.0 0.335988929
8038.0 0.335779137
8039.0 0.335569923
8040.0 0.335360734
8041.0 0.335490602
8042.0 0.335621296
8043.0 0.335751775
8044.0 0.335881026
8045.0 0.336010552
8046.0 0.336140878
8047.0 0.336269482
8048.0 0.336398301
8049.0 0.336526472
8050.0 0.336654921
8051.0 0.336573435
8052.0 0.336490816
8053.0 0.336409223
8054.0 0.336326496
8055.0 0.336244764
8056.0 0.336162486
8057.0 0.336079598
8058.0 0.335997243
8059.0 0.335915235
8060.0 0.335832279
8061.0 0.335873444
8062.0 0.335914387
8063.0 0.33595449
8064.0 0.335995887
8065.0 0.336034897
8066.0 0.336074644
8067.0 0.336114667
8068.0 0.336153415
8069.0 0.336192811
8070.0 0.336231925
8071.0 0.336259913
8072.0 0.33628934
8073.0 0.336317687
8074.0 0.336346977
8075.0 0.336375591
8076.0 0.336403623
8077.0 0.336432131
8078.0 0.336460024
8079.0 0.336489392
8080.0 0.336517085
8081.0 0.336673983
8082.0 0.336830191
8083.0 0.336987273
8084.0 0.337143633
8085.0 0.337299836
8086.0 0.337455252
8087.0 0.337611608
8088.0 0.337766643
8089.0 0.337922589
8090.0 0.338078314
8091.0 0.337993842
8092.0 0.337910289
8093.0 0.33782671
8094.0 0.337743073
8095.0 0.337659725
8096.0 0.337574808
8097.0 0.337491913
8098.0 0.337407386
8099.0 0.337323211
8100.0 0.33723901
8101.0 0.337416232
8102.0 0.337591805
8103.0 0.337768885
8104.0 0.337945136
8105.0 0.338121378
8106.0 0.338297454
8107.0 0.338472823
8108.0 0.338648659
8109.0 0.338824773
8110.0 0.338999829
8111.0 0.338769092
8112.0 0.338536318
8113.0 0.338304657
8114.0 0.338073599
8115.0 0.337841587
8116.0 0.337611068
8117.0 0.337378674
8118.0 0.337147868
8119.0 0.336916553
8120.0 0.336685333
8121.0 0.336720671
8122.0 0.336756964
8123.0 0.336792592
8124.0 0.33682803
8125.0 0.336862739
8126.0 0.33689834
8127.0 0.336932829
8128.0 0.336968148
8129.0 0.337002736
8130.0 0.337036689
8131.0 0.336826461
8132.0 0.336616862
8133.0 0.336406743
8134.0 0.336196139
8135.0 0.335986673
8136.0 0.335775668
8137.0 0.335566854
8138.0 0.335355929
8139.0 0.335147161
8140.0 0.334936983
8141.0 0.334781082
8142.0 0.334624682
8143.0 0.334467307
8144.0 0.33431147
8145.0 0.334154594
8146.0 0.333998747
8147.0 0.333842402
8148.0 0.333686132
8149.0 0.333530349
8150.0 0.333372477
8151.0 0.33318463
8152.0 0.332994624
8153.0 0.332806756
8154.0 0.332617335
8155.0 0.332428968
8156.0 0.332240035
8157.0 0.332050663
8158.0 0.331861709
8159.0 0.331672889
8160.0 0.331484519
8161.0 0.331630942
8162.0 0.331777471
8163.0 0.331923409
8164.0 0.33206885
8165.0 0.332214307
8166.0 0.33235812
8167.0 0.332502492
8168.0 0.332645314
8169.0 0.332789178
8170.0 0.332930371
8171.0 0.332618252
8172.0 0.332305035
8173.0 0.331992963
8174.0 0.331680401
8175.0 0.331367351
8176.0 0.331055253
8177.0 0.330742252
8178.0 0.330430264
8179.0 0.330117216
8180.0 0.329804831
8181.0 0.32991908
8182.0 0.330031664
8183.0 0.33014619
8184.0 0.330258986
8185.0 0.330372799
8186.0 0.33048539
8187.0 0.330598841
8188.0 0.330711709
8189.0 0.330824316
8190.0 0.330936884
8191.0 0.330686891
8192.0 0.330436907
8193.0 0.330187156
8194.0 0.329937991
8195.0 0.329687295
8196.0 0.329438341
8197.0 0.329188465
8198.0 0.328940232
8199.0 0.328690438
8200.0 0.328441934
8201.0 0.328633989
8202.0 0.32882625
8203.0 0.329018271
8204.0 0.329209504
8205.0 0.329401492
8206.0 0.329592145
8207.0 0.329783652
8208.0 0.329974338
8209.0 0.330165203
8210.0 0.330354759
8211.0 0.330027336
8212.0 0.329699347
8213.0 0.329370471
8214.0 0.329043163
8215.0 0.328715291
8216.0 0.328387631
8217.0 0.328060407
8218.0 0.327732782
8219.0 0.327405175
8220.0 0.32707823
8221.0 0.326911551
8222.0 0.326745863
8223.0 0.326579073
8224.0 0.32641218
8225.0 0.326246857
8226.0 0.326079822
8227.0 0.325913843
8228.0 0.325747664
8229.0 0.325579966
8230.0 0.325414193
8231.0 0.324926516
8232.0 0.324440606
8233.0 0.323954917
8234.0 0.323467816
8235.0 0.322982509
8236.0 0.322497392
8237.0 0.322010804
8238.0 0.32152658
8239.0 0.321041494
8240.0 0.320556568
8241.0 0.31987598
8242.0 0.319194791
8243.0 0.318515159
8244.0 0.317835562
8245.0 0.317155906
8246.0 0.316477866
8247.0 0.315799297
8248.0 0.31512215
8249.0 0.314445043
8250.0 0.313769072
8251.0 0.313868376
8252.0 0.313966964
8253.0 0.314066939
8254.0 0.314165194
8255.0 0.31426424
8256.0 0.314362632
8257.0 0.314461376
8258.0 0.314559403
8259.0 0.314656711
8260.0 0.314753867
8261.0 0.314504463
8262.0 0.314253636
8263.0 0.314003974
8264.0 0.313754342
8265.0 0.31350436
8266.0 0.313254407
8267.0 0.313005051
8268.0 0.312754747
8269.0 0.312506142
8270.0 0.31225659
8271.0 0.311824864
8272.0 0.311394544
8273.0 0.310964246
8274.0 0.310532717
8275.0 0.310103468
8276.0 0.309673334
8277.0 0.309242943
8278.0 0.308814296
8279.0 0.30838383
8280.0 0.307955542
8281.0 0.307556625
8282.0 0.30715635
8283.0 0.306757768
8284.0 0.306358918
8285.0 0.305959739
8286.0 0.305561815
8287.0 0.305163561
8288.0 0.304765445
8289.0 0.30436762
8290.0 0.303969933
8291.0 0.30331125
8292.0 0.302654856
8293.0 0.301998651
8294.0 0.301343005
8295.0 0.300688686
8296.0 0.300033456
8297.0 0.299380897
8298.0 0.298727522
8299.0 0.298074891
8300.0 0.297423854
8301.0 0.297618371
8302.0 0.297813617
8303.0 0.298008438
8304.0 0.298203504
8305.0 0.298396157
8306.0 0.298590461
8307.0 0.298783482
8308.0 0.298976627
8309.0 0.29916996
8310.0 0.299361452
8311.0 0.298702516
8312.0 0.298042037
8313.0 0.297384616
8314.0 0.296725659
8315.0 0.296067738
8316.0 0.295411366
8317.0 0.294754929
8318.0 0.294097549
8319.0 0.293442202
8320.0 0.292787337
8321.0 0.292899138
8322.0 0.293010246
8323.0 0.293121173
8324.0 0.29323086
8325.0 0.293342945
8326.0 0.293452817
8327.0 0.293563573
8328.0 0.29367354
8329.0 0.293783907
8330.0 0.293892995
8331.0 0.293253518
8332.0 0.292614113
8333.0 0.291975179
8334.0 0.291336321
8335.0 0.290699598
8336.0 0.290061833
8337.0 0.289425173
8338.0 0.288789134
8339.0 0.288153595
8340.0 0.287518107
8341.0 0.287656413
8342.0 0.287795059
8343.0 0.287932933
8344.0 0.288070665
8345.0 0.288208136
8346.0 0.288344469
8347.0 0.288482018
8348.0 0.288618428
8349.0 0.288755603
8350.0 0.288891669
8351.0 0.288668269
8352.0 0.288443664
8353.0 0.28821946
8354.0 0.287994898
8355.0 0.28776986
8356.0 0.2875464
8357.0 0.287322009
8358.0 0.287098713
8359.0 0.286874999
8360.0 0.286650749
8361.0 0.286193962
8362.0 0.2857369
8363.0 0.285281099
8364.0 0.284824691
8365.0 0.284368402
8366.0 0.283913011
8367.0 0.283457227
8368.0 0.283002281
8369.0 0.282547154
8370.0 0.282092265
8371.0 0.282237509
8372.0 0.28238089
8373.0 0.282524832
8374.0 0.282668436
8375.0 0.282811104
8376.0 0.282953916
8377.0 0.28309579
8378.0 0.283237778
8379.0 0.283378407
8380.0 0.283520086
8381.0 0.283535143
8382.0 0.283550567
8383.0 0.283565876
8384.0 0.283582096
8385.0 0.283596659
8386.0 0.283611619
8387.0 0.283626494
8388.0 0.283641768
8389.0 0.283656319
8390.0 0.283670876
8391.0 0.283661684
8392.0 0.283651963
8393.0 0.283642077
8394.0 0.283632147
8395.0 0.283622052
8396.0 0.283611427
8397.0 0.283601123
8398.0 0.283591263
8399.0 0.283580262
8400.0 0.283569675
8401.0 0.283467272
8402.0 0.283363248
8403.0 0.283259644
8404.0 0.283154813
8405.0 0.283050861
8406.0 0.282946842
8407.0 0.282842694
8408.0 0.282738938
8409.0 0.282633987
8410.0 0.282528876
8411.0 0.282528037
8412.0 0.282526525
8413.0 0.282525289
8414.0 0.282523899
8415.0 0.282522295
8416.0 0.282520539
8417.0 0.282518047
8418.0 0.282515863
8419.0 0.282513003
8420.0 0.282510052
8421.0 0.282106759
8422.0 0.281702733
8423.0 0.281298498
8424.0 0.280895953
8425.0 0.280492739
8426.0 0.280090204
8427.0 0.279687948
8428.0 0.279285455
8429.0 0.278882664
8430.0 0.278481676
8431.0 0.278037819
8432.0 0.277592835
8433.0 0.277148823
8434.0 0.27670569
8435.0 0.276262496
8436.0 0.275820241
8437.0 0.275377926
8438.0 0.274935974
8439.0 0.274495471
8440.0 0.274053913
8441.0 0.273569609
8442.0 0.273086075
8443.0 0.272602887
8444.0 0.272119477
8445.0 0.271635966
8446.0 0.271153194
8447.0 0.270671249
8448.0 0.270188696
8449.0 0.269707387
8450.0 0.269226902
8451.0 0.268534641
8452.0 0.267843525
8453.0 0.267152991
8454.0 0.266463539
8455.0 0.265774194
8456.0 0.265086019
8457.0 0.264398394
8458.0 0.26371041
8459.0 0.263023507
8460.0 0.262337214
8461.0 0.261825374
8462.0 0.261312997
8463.0 0.260800988
8464.0 0.260290943
8465.0 0.259780364
8466.0 0.259270267
8467.0 0.258760624
8468.0 0.258251434
8469.0 0.257742698
8470.0 0.257234415
8471.0 0.256624435
8472.0 0.256015931
8473.0 0.25540555
8474.0 0.25479759
8475.0 0.25419053
8476.0 0.253582147
8477.0 0.252975661
8478.0 0.252369222
8479.0 0.251762267
8480.0 0.251157286
8481.0 0.25048951
8482.0 0.249822813
8483.0 0.24915472
8484.0 0.248486753
8485.0 0.247819808
8486.0 0.247152485
8487.0 0.246484789
8488.0 0.245817722
8489.0 0.245150702
8490.0 0.244483756
8491.0 0.243131002
8492.0 0.241780189
8493.0 0.240430938
8494.0 0.239084444
8495.0 0.237740022
8496.0 0.236396139
8497.0 0.235055674
8498.0 0.233716211
8499.0 0.232378743
8500.0 0.231043217
8501.0 0.229495373
8502.0 0.227947789
8503.0 0.226402272
8504.0 0.224858711
8505.0 0.22331641
8506.0 0.22177563
8507.0 0.220235692
8508.0 0.218698087
8509.0 0.217162154
8510.0 0.215627769
8511.0 0.213263174
8512.0 0.210900942
8513.0 0.208540701
8514.0 0.206182382
8515.0 0.20382566
8516.0 0.201471706
8517.0 0.199118961
8518.0 0.196768924
8519.0 0.194420094
8520.0 0.192073273
8521.0 0.189074415
8522.0 0.186078457
8523.0 0.183085192
8524.0 0.180095633
8525.0 0.177108335
8526.0 0.174124361
8527.0 0.171143062
8528.0 0.168164785
8529.0 0.165189818
8530.0 0.162217825
8531.0 0.158750162
8532.0 0.155288665
8533.0 0.151831323
8534.0 0.148379932
8535.0 0.144933558
8536.0 0.141492827
8537.0 0.138057073
8538.0 0.134627181
8539.0 0.131202374
8540.0 0.127782354
8541.0 0.124287269
8542.0 0.120794733
8543.0 0.117306176
8544.0 0.113820438
8545.0 0.110338013
8546.0 0.106859101
8547.0 0.103383271
8548.0 0.099910757
8549.0 0.096441704
8550.0 0.092975979
8551.0 0.089924052
8552.0 0.086875308
8553.0 0.083830424
8554.0 0.080789031
8555.0 0.077751471
8556.0 0.074716835
8557.0 0.07168597
8558.0 0.068658521
8559.0 0.065634695
8560.0 0.062614391
8561.0 0.060434929
8562.0 0.058257995
8563.0 0.05608315
8564.0 0.053910621
8565.0 0.051740618
8566.0 0.049572716
8567.0 0.047407324
8568.0 0.045244047
8569.0 0.043083176
8570.0 0.040924623
8571.0 0.039381971
8572.0 0.0378412
8573.0 0.036302369
8574.0 0.034765336
8575.0 0.03323004
8576.0 0.031696812
8577.0 0.030165394
8578.0 0.028635909
8579.0 0.027108179
8580.0 0.02558242
8581.0 0.0247056
8582.0 0.023829956
8583.0 0.022955479
8584.0 0.022082
8585.0 0.021209778
8586.0 0.020338599
8587.0 0.019468584
8588.0 0.01859966
8589.0 0.017731902
8590.0 0.016865269
8591.0 0.016293172
8592.0 0.015721694
8593.0 0.015150935
8594.0 0.014580863
8595.0 0.014011503
8596.0 0.013442723
8597.0 0.012874738
8598.0 0.012307412
8599.0 0.011740773
8600.0 0.01117482
8601.0 0.010819339
8602.0 0.010464264
8603.0 0.010109569
8604.0 0.009755319
8605.0 0.009401453
8606.0 0.009048009
8607.0 0.00869495
8608.0 0.008342261
8609.0 0.007990011
8610.0 0.007638165
8611.0 0.007414123
8612.0 0.007190312
8613.0 0.006966748
8614.0 0.006743442
8615.0 0.006520384
8616.0 0.006297559
8617.0 0.00607498
8618.0 0.005852636
8619.0 0.005630562
8620.0 0.005408735
8621.0 0.005255242
8622.0 0.005101991
8623.0 0.004948942
8624.0 0.004796123
8625.0 0.004643508
8626.0 0.004491131
8627.0 0.004338985
8628.0 0.004187051
8629.0 0.004035337
8630.0 0.003883829
8631.0 0.003775607
8632.0 0.003667522
8633.0 0.00355958
8634.0 0.003451781
8635.0 0.003344126
8636.0 0.003236615
8637.0 0.003129247
8638.0 0.003022029
8639.0 0.002914942
8640.0 0.00280801
8641.0 0.00273051
8642.0 0.002653097
8643.0 0.002575761
8644.0 0.002498513
8645.0 0.002421336
8646.0 0.002344252
8647.0 0.002267245
8648.0 0.00219033
8649.0 0.002113483
8650.0 0.002036728
8651.0 0.001981366
8652.0 0.001926066
8653.0 0.001870839
8654.0 0.001815669
8655.0 0.001760566
8656.0 0.001705531
8657.0 0.001650566
8658.0 0.001595662
8659.0 0.001540817
8660.0 0.001486051
8661.0 0.001447632
8662.0 0.001409253
8663.0 0.001370922
8664.0 0.001332634
8665.0 0.00129439
8666.0 0.00125619
8667.0 0.001218036
8668.0 0.001179924
8669.0 0.001141855
8670.0 0.001103833
8671.0 0.001087766
8672.0 0.001071716
8673.0 0.001055689
8674.0 0.001039684
8675.0 0.001023701
8676.0 0.001007733
8677.0 0.000991791
8678.0 0.00097587
8679.0 0.000959971
8680.0 0.000944089
8681.0 0.000928234
8682.0 0.000912402
8683.0 0.000896588
8684.0 0.000880797
8685.0 0.000865026
8686.0 0.000849276
8687.0 0.000833546
8688.0 0.000817838
8689.0 0.000802146
8690.0 0.00078648
8691.0 0.000771007
8692.0 0.000755543
8693.0 0.000740098
8694.0 0.000724664
8695.0 0.000709246
8696.0 0.000693841
8697.0 0.000678443
8698.0 0.000663067
8699.0 0.000647701
8700.0 0.000632351
8701.0 0.000616803
8702.0 0.000601278
8703.0 0.000585779
8704.0 0.000570303
8705.0 0.000554852
8706.0 0.000539424
8707.0 0.000524022
8708.0 0.000508642
8709.0 0.000493286
8710.0 0.000477955
8711.0 0.000469143
8712.0 0.000460342
8713.0 0.000451549
8714.0 0.00044277
8715.0 0.000434002
8716.0 0.000425243
8717.0 0.000416495
8718.0 0.000407758
8719.0 0.000399034
8720.0 0.000390317
8721.0 0.000381599
8722.0 0.000372893
8723.0 0.000364198
8724.0 0.000355514
8725.0 0.000346843
8726.0 0.000338182
8727.0 0.000329533
8728.0 0.000320896
8729.0 0.000312269
8730.0 0.000303655
8731.0 0.000295041
8732.0 0.000286442
8733.0 0.000277853
8734.0 0.000269276
8735.0 0.000260712
8736.0 0.000252159
8737.0 0.000243618
8738.0 0.00023509
8739.0 0.000226574
8740.0 0.000218069
8741.0 0.000209597
8742.0 0.000201134
8743.0 0.000192682
8744.0 0.000184241
8745.0 0.000175809
8746.0 0.000167389
8747.0 0.000158978
8748.0 0.000150578
8749.0 0.000142188
8750.0 0.000133809
8751.0 0.000131365
8752.0 0.000128925
8753.0 0.000126488
8754.0 0.000124055
8755.0 0.000121626
8756.0 0.0001192
8757.0 0.000116778
8758.0 0.00011436
8759.0 0.000111945
8760.0 0.000109535
8761.0 0.000107148
8762.0 0.000104763
8763.0 0.000102382
8764.0 0.000100003
8765.0 9.76e-05
8766.0 9.53e-05
8767.0 9.29e-05
8768.0 9.05e-05
8769.0 8.82e-05
8770.0 8.58e-05
8771.0 8.34e-05
8772.0 8.11e-05
8773.0 7.87e-05
8774.0 7.63e-05
8775.0 7.4e-05
8776.0 7.16e-05
8777.0 6.93e-05
8778.0 6.69e-05
8779.0 6.46e-05
8780.0 6.23e-05
8781.0 5.99e-05
8782.0 5.76e-05
8783.0 5.53e-05
8784.0 5.29e-05
8785.0 5.06e-05
