6736.0 5.77e-05
6737.0 8.64e-05
6738.0 0.000115082
6739.0 0.000143782
6740.0 0.000172479
6741.0 0.000201183
6742.0 0.000229887
6743.0 0.000258591
6744.0 0.000287296
6745.0 0.000315999
6746.0 0.000344703
6747.0 0.000373406
6748.0 0.000402111
6749.0 0.000430813
6750.0 0.000459517
6751.0 0.000488268
6752.0 0.000517023
6753.0 0.000545784
6754.0 0.000574551
6755.0 0.000603321
6756.0 0.000632099
6757.0 0.000660881
6758.0 0.00068967
6759.0 0.000718464
6760.0 0.000747262
6761.0 0.000775904
6762.0 0.000804535
6763.0 0.000833162
6764.0 0.000861781
6765.0 0.000890394
6766.0 0.000919
6767.0 0.000947599
6768.0 0.000976191
6769.0 0.001004776
6770.0 0.001033355
6771.0 0.001062092
6772.0 0.001090834
6773.0 0.001119578
6774.0 0.001148321
6775.0 0.00117707
6776.0 0.001205818
6777.0 0.001234572
6778.0 0.001263324
6779.0 0.001292079
6780.0 0.001320838
6781.0 0.00134958
6782.0 0.001378326
6783.0 0.001407071
6784.0 0.001435817
6785.0 0.001464568
6786.0 0.001493316
6787.0 0.00152207
6788.0 0.00155082
6789.0 0.001579575
6790.0 0.00160833
6791.0 0.001637002
6792.0 0.00166567
6793.0 0.001694335
6794.0 0.001723
6795.0 0.001751663
6796.0 0.001780325
6797.0 0.001808983
6798.0 0.001837642
6799.0 0.001866301
6800.0 0.001894954
6801.0 0.001923594
6802.0 0.001952231
6803.0 0.001980864
6804.0 0.002009502
6805.0 0.002038131
6806.0 0.002066758
6807.0 0.002095388
6808.0 0.002124013
6809.0 0.002152636
6810.0 0.002181258
6811.0 0.002209809
6812.0 0.002238351
6813.0 0.002266892
6814.0 0.002295431
6815.0 0.002323965
6816.0 0.002352494
6817.0 0.002381022
6818.0 0.002409538
6819.0 0.002438059
6820.0 0.002466578
6821.0 0.002495296
6822.0 0.002524021
6823.0 0.002552744
6824.0 0.00258147
6825.0 0.002610196
6826.0 0.002638924
6827.0 0.002667648
6828.0 0.002696379
6829.0 0.002725111
6830.0 0.002753841
6831.0 0.002782505
6832.0 0.002811175
6833.0 0.002839845
6834.0 0.002868514
6835.0 0.00289718
6836.0 0.002925849
6837.0 0.002954518
6838.0 0.002983186
6839.0 0.003011847
6840.0 0.003040522
6841.0 0.003068907
6842.0 0.003097289
6843.0 0.003125664
6844.0 0.003154037
6845.0 0.003182401
6846.0 0.003210767
6847.0 0.003239116
6848.0 0.003267472
6849.0 0.003295822
6850.0 0.003324155
6851.0 0.003352749
6852.0 0.003381342
6853.0 0.003409934
6854.0 0.003438529
6855.0 0.003467115
6856.0 0.0034957
6857.0 0.003524291
6858.0 0.003552878
6859.0 0.003581464
6860.0 0.003610053
6861.0 0.003638867
6862.0 0.003667683
6863.0 0.003696502
6864.0 0.003725327
6865.0 0.003843304
6866.0 0.004050444
6867.0 0.004257612
6868.0 0.004464794
6869.0 0.004671994
6870.0 0.004879213
6871.0 0.005086072
6872.0 0.0052929
6873.0 0.005499733
6874.0 0.005706561
6875.0 0.005957846
6876.0 0.006209139
6877.0 0.006460399
6878.0 0.006711654
6879.0 0.006962869
6880.0 0.007214092
6881.0 0.007465505
6882.0 0.0077169
6883.0 0.007968303
6884.0 0.008219694
6885.0 0.008616144
6886.0 0.009012593
6887.0 0.009409026
6888.0 0.009805445
6889.0 0.010201871
6890.0 0.010598321
6891.0 0.010994121
6892.0 0.011389862
6893.0 0.011785579
6894.0 0.012181222
6895.0 0.012673485
6896.0 0.013165705
6897.0 0.013657876
6898.0 0.014149942
6899.0 0.014641978
6900.0 0.015133954
6901.0 0.015626266
6902.0 0.016118505
6903.0 0.016610723
6904.0 0.017102886
6905.0 0.01774482
6906.0 0.01838664
6907.0 0.019028478
6908.0 0.019670245
6909.0 0.020311967
6910.0 0.020953643
6911.0 0.021598484
6912.0 0.022243398
6913.0 0.0228885
6914.0 0.023533745
6915.0 0.024353032
6916.0 0.025172579
6917.0 0.025992286
6918.0 0.026812164
6919.0 0.027632153
6920.0 0.028452357
6921.0 0.029268013
6922.0 0.030083575
6923.0 0.030899025
6924.0 0.03171438
6925.0 0.032669795
6926.0 0.033625193
6927.0 0.034580402
6928.0 0.035535459
6929.0 0.036490545
6930.0 0.037445353
6931.0 0.038398671
6932.0 0.039351852
6933.0 0.040304764
6934.0 0.041257492
6935.0 0.042441915
6936.0 0.0436261
6937.0 0.044810021
6938.0 0.045993649
6939.0 0.047177163
6940.0 0.0483604
6941.0 0.049549349
6942.0 0.050738286
6943.0 0.051927357
6944.0 0.053116405
6945.0 0.054373121
6946.0 0.055629837
6947.0 0.056886726
6948.0 0.058143396
6949.0 0.059400401
6950.0 0.060657168
6951.0 0.061903907
6952.0 0.063150032
6953.0 0.064395958
6954.0 0.06564135
6955.0 0.067079555
6956.0 0.068517111
6957.0 0.069954415
6958.0 0.071391365
6959.0 0.072827712
6960.0 0.074263574
6961.0 0.075700849
6962.0 0.077137775
6963.0 0.078574431
6964.0 0.080010623
6965.0 0.081639141
6966.0 0.083267341
6967.0 0.084895153
6968.0 0.086522328
6969.0 0.088149313
6970.0 0.08977579
6971.0 0.091409229
6972.0 0.093042528
6973.0 0.094675795
6974.0 0.096308781
6975.0 0.096593266
6976.0 0.096878063
6977.0 0.097162149
6978.0 0.09744688
6979.0 0.09773103
6980.0 0.098015255
6981.0 0.098309954
6982.0 0.098604475
6983.0 0.098899028
6984.0 0.099193712
6985.0 0.101269918
6986.0 0.103346362
6987.0 0.105423052
6988.0 0.107500079
6989.0 0.109577107
6990.0 0.111654472
6991.0 0.11372306
6992.0 0.115791288
6993.0 0.117859249
6994.0 0.119927387
6995.0 0.121561678
6996.0 0.123196039
6997.0 0.124829994
6998.0 0.126464175
6999.0 0.128098098
7000.0 0.129731937
7001.0 0.131350681
7002.0 0.132968953
7003.0 0.134586773
7004.0 0.136204448
7005.0 0.138398477
7006.0 0.140592046
7007.0 0.14278495
7008.0 0.144977273
7009.0 0.147168922
7010.0 0.149359775
7011.0 0.151557329
7012.0 0.153755099
7013.0 0.155951609
7014.0 0.158147666
7015.0 0.160054923
7016.0 0.161961962
7017.0 0.163868246
7018.0 0.165774379
7019.0 0.167680101
7020.0 0.169585293
7021.0 0.171498483
7022.0 0.173411102
7023.0 0.175323265
7024.0 0.177235653
7025.0 0.179147656
7026.0 0.181059208
7027.0 0.182970359
7028.0 0.184881947
7029.0 0.186792658
7030.0 0.188703427
7031.0 0.190613386
7032.0 0.192523156
7033.0 0.194432694
7034.0 0.196342029
7035.0 0.198106895
7036.0 0.199872042
7037.0 0.201635765
7038.0 0.203400244
7039.0 0.205164301
7040.0 0.206927855
7041.0 0.208677405
7042.0 0.210426782
7043.0 0.212175718
7044.0 0.21392371
7045.0 0.215911277
7046.0 0.217898059
7047.0 0.219884661
7048.0 0.221870173
7049.0 0.223855777
7050.0 0.225840249
7051.0 0.227831212
7052.0 0.229822062
7053.0 0.231811948
7054.0 0.233801452
7055.0 0.235647449
7056.0 0.237492494
7057.0 0.239337429
7058.0 0.241181433
7059.0 0.243025376
7060.0 0.244868937
7061.0 0.246692254
7062.0 0.248513958
7063.0 0.250335902
7064.0 0.25215656
7065.0 0.253785806
7066.0 0.255413843
7067.0 0.25704164
7068.0 0.258668475
7069.0 0.260294409
7070.0 0.261920037
7071.0 0.263576168
7072.0 0.265232446
7073.0 0.266888118
7074.0 0.268543304
7075.0 0.269720724
7076.0 0.270898057
7077.0 0.272074843
7078.0 0.273251863
7079.0 0.274428017
7080.0 0.275604772
7081.0 0.276780167
7082.0 0.277955794
7083.0 0.27913127
7084.0 0.280305897
7085.0 0.281958116
7086.0 0.283610203
7087.0 0.285262318
7088.0 0.286913224
7089.0 0.288564942
7090.0 0.29021534
7091.0 0.291830783
7092.0 0.29344555
7093.0 0.295059669
7094.0 0.296672821
7095.0 0.297475009
7096.0 0.298276922
7097.0 0.299078099
7098.0 0.299878667
7099.0 0.300679202
7100.0 0.301479096
7101.0 0.302291586
7102.0 0.303103484
7103.0 0.303915877
7104.0 0.304727225
7105.0 0.306061684
7106.0 0.307396463
7107.0 0.308729717
7108.0 0.310063207
7109.0 0.311396385
7110.0 0.312728351
7111.0 0.314083321
7112.0 0.315438144
7113.0 0.316792285
7114.0 0.318146248
7115.0 0.318882241
7116.0 0.319617644
7117.0 0.320353309
7118.0 0.321088143
7119.0 0.321823217
7120.0 0.322557722
7121.0 0.323306201
7122.0 0.324053748
7123.0 0.324801672
7124.0 0.325549958
7125.0 0.327057648
7126.0 0.328565669
7127.0 0.330073196
7128.0 0.331580962
7129.0 0.333087827
7130.0 0.334594926
7131.0 0.336076034
7132.0 0.337557229
7133.0 0.339037229
7134.0 0.340516875
7135.0 0.340761868
7136.0 0.341005658
7137.0 0.341250114
7138.0 0.341494926
7139.0 0.341738906
7140.0 0.341982389
7141.0 0.342223196
7142.0 0.34246393
7143.0 0.342704193
7144.0 0.342945943
7145.0 0.343706951
7146.0 0.344468975
7147.0 0.345229985
7148.0 0.345991535
7149.0 0.346752956
7150.0 0.347513234
7151.0 0.348257435
7152.0 0.349000821
7153.0 0.349744002
7154.0 0.350486872
7155.0 0.351655657
7156.0 0.352823569
7157.0 0.353992277
7158.0 0.35515896
7159.0 0.356325096
7160.0 0.357492167
7161.0 0.358710511
7162.0 0.359929236
7163.0 0.3611474
7164.0 0.362365894
7165.0 0.363111366
7166.0 0.363856724
7167.0 0.3646011
7168.0 0.36534541
7169.0 0.366090594
7170.0 0.366835239
7171.0 0.36755122
7172.0 0.368264863
7173.0 0.368980097
7174.0 0.369695106
7175.0 0.371023641
7176.0 0.372351751
7177.0 0.373680578
7178.0 0.375008113
7179.0 0.376335218
7180.0 0.3776622
7181.0 0.378994711
7182.0 0.380326805
7183.0 0.38165879
7184.0 0.382989523
7185.0 0.383471354
7186.0 0.383953162
7187.0 0.384434303
7188.0 0.384914943
7189.0 0.385395895
7190.0 0.385877668
7191.0 0.386349672
7192.0 0.386822054
7193.0 0.387293376
7194.0 0.387765895
7195.0 0.388378857
7196.0 0.388992647
7197.0 0.389605309
7198.0 0.390218746
7199.0 0.390831509
7200.0 0.391444165
7201.0 0.392047163
7202.0 0.392649449
7203.0 0.393251566
7204.0 0.393852996
7205.0 0.394313919
7206.0 0.394774197
7207.0 0.395234722
7208.0 0.395695092
7209.0 0.396154844
7210.0 0.39661441
7211.0 0.397046949
7212.0 0.397478863
7213.0 0.397910911
7214.0 0.39834178
7215.0 0.399243175
7216.0 0.40014412
7217.0 0.401044146
7218.0 0.401944218
7219.0 0.402843872
7220.0 0.403742658
7221.0 0.404641811
7222.0 0.405539477
7223.0 0.406436777
7224.0 0.407334074
7225.0 0.407385496
7226.0 0.407437879
7227.0 0.407490146
7228.0 0.407541464
7229.0 0.407593563
7230.0 0.40764567
7231.0 0.407728891
7232.0 0.407813532
7233.0 0.407897651
7234.0 0.407981188
7235.0 0.409329236
7236.0 0.410678275
7237.0 0.412025531
7238.0 0.413372389
7239.0 0.414719884
7240.0 0.416066347
7241.0 0.4174092
7242.0 0.418753113
7243.0 0.420096036
7244.0 0.421438607
7245.0 0.421143439
7246.0 0.420849759
7247.0 0.42055524
7248.0 0.420261247
7249.0 0.419966175
7250.0 0.419672278
7251.0 0.419349154
7252.0 0.419026072
7253.0 0.418703181
7254.0 0.418381319
7255.0 0.41838483
7256.0 0.418389872
7257.0 0.41839383
7258.0 0.418398269
7259.0 0.418402675
7260.0 0.418407011
7261.0 0.418441172
7262.0 0.418476263
7263.0 0.41851135
7264.0 0.418546902
7265.0 0.418721208
7266.0 0.418897084
7267.0 0.419070165
7268.0 0.419245254
7269.0 0.419420821
7270.0 0.419594276
7271.0 0.419745338
7272.0 0.419895752
7273.0 0.420047105
7274.0 0.420196814
7275.0 0.420253936
7276.0 0.420311037
7277.0 0.42036799
7278.0 0.420425426
7279.0 0.420483309
7280.0 0.420540172
7281.0 0.420592613
7282.0 0.420643998
7283.0 0.420696297
7284.0 0.420748508
7285.0 0.420568065
7286.0 0.420388659
7287.0 0.420208262
7288.0 0.420028938
7289.0 0.419848098
7290.0 0.419668855
7291.0 0.419492568
7292.0 0.419317287
7293.0 0.419141579
7294.0 0.418966465
7295.0 0.419532186
7296.0 0.420097122
7297.0 0.420662391
7298.0 0.421227378
7299.0 0.421792607
7300.0 0.422357614
7301.0 0.422935092
7302.0 0.423511785
7303.0 0.424088318
7304.0 0.42466514
7305.0 0.424131677
7306.0 0.423597898
7307.0 0.423064716
7308.0 0.422531181
7309.0 0.421997772
7310.0 0.421465669
7311.0 0.420936507
7312.0 0.420407487
7313.0 0.419878052
7314.0 0.419349348
7315.0 0.420160404
7316.0 0.420970651
7317.0 0.421780671
7318.0 0.422590884
7319.0 0.423399809
7320.0 0.424208417
7321.0 0.425038275
7322.0 0.42586695
7323.0 0.426695454
7324.0 0.427523715
7325.0 0.427291637
7326.0 0.427059085
7327.0 0.426826652
7328.0 0.426594067
7329.0 0.426362115
7330.0 0.426129716
7331.0 0.425868223
7332.0 0.425607392
7333.0 0.425345494
7334.0 0.425083152
7335.0 0.424868503
7336.0 0.424652858
7337.0 0.424438818
7338.0 0.4242228
7339.0 0.424007816
7340.0 0.42379282
7341.0 0.423567599
7342.0 0.423344081
7343.0 0.423118436
7344.0 0.422894936
7345.0 0.42340481
7346.0 0.423916408
7347.0 0.424426752
7348.0 0.424936426
7349.0 0.425446281
7350.0 0.425956999
7351.0 0.426490163
7352.0 0.427022636
7353.0 0.427556545
7354.0 0.42808971
7355.0 0.4271077
7356.0 0.426127587
7357.0 0.425146718
7358.0 0.424166596
7359.0 0.423186141
7360.0 0.422206015
7361.0 0.421229207
7362.0 0.420251428
7363.0 0.419274982
7364.0 0.418298352
7365.0 0.420115404
7366.0 0.421933782
7367.0 0.423750156
7368.0 0.425566971
7369.0 0.427382185
7370.0 0.42919794
7371.0 0.431025378
7372.0 0.432853404
7373.0 0.434680973
7374.0 0.436507046
7375.0 0.435771714
7376.0 0.435036032
7377.0 0.434300455
7378.0 0.433565548
7379.0 0.432830781
7380.0 0.432095569
7381.0 0.431292488
7382.0 0.430489197
7383.0 0.429686259
7384.0 0.428884252
7385.0 0.428722425
7386.0 0.428559655
7387.0 0.428396732
7388.0 0.428234389
7389.0 0.428071648
7390.0 0.427909981
7391.0 0.427854156
7392.0 0.427798276
7393.0 0.427743022
7394.0 0.427686075
7395.0 0.427630784
7396.0 0.427575349
7397.0 0.427518889
7398.0 0.427463444
7399.0 0.427407017
7400.0 0.427351506
7401.0 0.427138973
7402.0 0.426926611
7403.0 0.426714807
7404.0 0.426503017
7405.0 0.426791332
7406.0 0.427079324
7407.0 0.427368557
7408.0 0.427655431
7409.0 0.427942964
7410.0 0.428230209
7411.0 0.428644195
7412.0 0.429058068
7413.0 0.429471274
7414.0 0.429885483
7415.0 0.430389234
7416.0 0.430893968
7417.0 0.431398022
7418.0 0.431901398
7419.0 0.432405724
7420.0 0.432909367
7421.0 0.433329859
7422.0 0.433750519
7423.0 0.434170413
7424.0 0.434590535
7425.0 0.434238531
7426.0 0.433889387
7427.0 0.433537727
7428.0 0.433187784
7429.0 0.43283848
7430.0 0.432488232
7431.0 0.432161896
7432.0 0.43183505
7433.0 0.431509389
7434.0 0.431182267
7435.0 0.432302209
7436.0 0.433422208
7437.0 0.434540583
7438.0 0.435658834
7439.0 0.436776023
7440.0 0.437893741
7441.0 0.439008473
7442.0 0.440122497
7443.0 0.441235454
7444.0 0.442348423
7445.0 0.440125372
7446.0 0.437903249
7447.0 0.43568056
7448.0 0.433460456
7449.0 0.431241446
7450.0 0.429023433
7451.0 0.426808726
7452.0 0.424593889
7453.0 0.422380682
7454.0 0.420168367
7455.0 0.420521632
7456.0 0.420873787
7457.0 0.421226697
7458.0 0.421578312
7459.0 0.421930367
7460.0 0.422281021
7461.0 0.422642374
7462.0 0.423003512
7463.0 0.423364455
7464.0 0.423725707
7465.0 0.424937824
7466.0 0.426151583
7467.0 0.427363168
7468.0 0.428575316
7469.0 0.429785222
7470.0 0.430996719
7471.0 0.432199591
7472.0 0.433401784
7473.0 0.434603958
7474.0 0.435804506
7475.0 0.434766526
7476.0 0.43372846
7477.0 0.432691322
7478.0 0.431653504
7479.0 0.430617679
7480.0 0.429581271
7481.0 0.428565155
7482.0 0.427551695
7483.0 0.426536297
7484.0 0.425522307
7485.0 0.424419736
7486.0 0.423317029
7487.0 0.422213578
7488.0 0.421111617
7489.0 0.42000937
7490.0 0.41890867
7491.0 0.417781959
7492.0 0.416656289
7493.0 0.415531133
7494.0 0.414408159
7495.0 0.415645998
7496.0 0.41688481
7497.0 0.418123008
7498.0 0.419361146
7499.0 0.420597986
7500.0 0.421834829
7501.0 0.423093035
7502.0 0.424350224
7503.0 0.425608524
7504.0 0.426865186
7505.0 0.425851759
7506.0 0.424839711
7507.0 0.423826891
7508.0 0.422814989
7509.0 0.421802351
7510.0 0.420791092
7511.0 0.4197391
7512.0 0.418688681
7513.0 0.417638371
7514.0 0.416588345
7515.0 0.416337317
7516.0 0.416087281
7517.0 0.41583788
7518.0 0.415588039
7519.0 0.415337755
7520.0 0.415087489
7521.0 0.414935323
7522.0 0.414782514
7523.0 0.414627625
7524.0 0.414474834
7525.0 0.414277711
7526.0 0.41408054
7527.0 0.413881837
7528.0 0.413684142
7529.0 0.413486963
7530.0 0.41328927
7531.0 0.412926683
7532.0 0.412565403
7533.0 0.412203822
7534.0 0.411842378
7535.0 0.41072909
7536.0 0.409618094
7537.0 0.408505429
7538.0 0.407395717
7539.0 0.406286913
7540.0 0.405178398
7541.0 0.404220711
7542.0 0.403263616
7543.0 0.402306516
7544.0 0.401349687
7545.0 0.401803142
7546.0 0.402259093
7547.0 0.402712288
7548.0 0.403166511
7549.0 0.403621056
7550.0 0.404074453
7551.0 0.404477577
7552.0 0.40488106
7553.0 0.405284257
7554.0 0.405686777
7555.0 0.406442476
7556.0 0.407197238
7557.0 0.407951148
7558.0 0.408705304
7559.0 0.409458971
7560.0 0.410211879
7561.0 0.41093148
7562.0 0.411651204
7563.0 0.412370363
7564.0 0.413087827
7565.0 0.412357565
7566.0 0.411626425
7567.0 0.410894599
7568.0 0.410164137
7569.0 0.409433991
7570.0 0.408703802
7571.0 0.407975082
7572.0 0.407247681
7573.0 0.406519185
7574.0 0.405791518
7575.0 0.405197274
7576.0 0.404600611
7577.0 0.404005761
7578.0 0.40341185
7579.0 0.402816543
7580.0 0.402222093
7581.0 0.40166262
7582.0 0.401102347
7583.0 0.40054173
7584.0 0.399983725
7585.0 0.401302395
7586.0 0.402620893
7587.0 0.403940958
7588.0 0.40525831
7589.0 0.406575102
7590.0 0.40789299
7591.0 0.409177648
7592.0 0.410462119
7593.0 0.411745258
7594.0 0.413027152
7595.0 0.41099663
7596.0 0.408964993
7597.0 0.406934505
7598.0 0.404906678
7599.0 0.402878254
7600.0 0.40085087
7601.0 0.398878827
7602.0 0.396906163
7603.0 0.39493421
7604.0 0.392965598
7605.0 0.395038146
7606.0 0.397113551
7607.0 0.399187737
7608.0 0.4012619
7609.0 0.403334825
7610.0 0.405407178
7611.0 0.407409798
7612.0 0.409410661
7613.0 0.411411759
7614.0 0.413410395
7615.0 0.413541574
7616.0 0.413671499
7617.0 0.413801835
7618.0 0.413932476
7619.0 0.414063085
7620.0 0.414191818
7621.0 0.414355306
7622.0 0.414518038
7623.0 0.414680695
7624.0 0.414843829
7625.0 0.415048924
7626.0 0.415255497
7627.0 0.415460359
7628.0 0.415665534
7629.0 0.415870556
7630.0 0.416074893
7631.0 0.416292558
7632.0 0.416509404
7633.0 0.41672621
7634.0 0.41694332
7635.0 0.417677071
7636.0 0.418412166
7637.0 0.419146237
7638.0 0.419880012
7639.0 0.420612374
7640.0 0.421346558
7641.0 0.422012979
7642.0 0.422678967
7643.0 0.423344853
7644.0 0.424008545
7645.0 0.423467251
7646.0 0.422925076
7647.0 0.422384301
7648.0 0.421843391
7649.0 0.42130158
7650.0 0.420762242
7651.0 0.420266009
7652.0 0.419772168
7653.0 0.419276805
7654.0 0.418781608
7655.0 0.418545411
7656.0 0.418307586
7657.0 0.418070954
7658.0 0.417834908
7659.0 0.417597797
7660.0 0.417361844
7661.0 0.417113102
7662.0 0.416863741
7663.0 0.416614595
7664.0 0.416365387
7665.0 0.416331014
7666.0 0.416297094
7667.0 0.416262005
7668.0 0.416226978
7669.0 0.416192377
7670.0 0.416157727
7671.0 0.416107236
7672.0 0.416055597
7673.0 0.416004538
7674.0 0.415952232
7675.0 0.414791644
7676.0 0.413630024
7677.0 0.412470794
7678.0 0.411311713
7679.0 0.410152641
7680.0 0.408994889
7681.0 0.407837459
7682.0 0.406682467
7683.0 0.405526947
7684.0 0.404373225
7685.0 0.404749872
7686.0 0.405128398
7687.0 0.405505526
7688.0 0.405882901
7689.0 0.406259861
7690.0 0.406635938
7691.0 0.407028716
7692.0 0.407420623
7693.0 0.40781324
7694.0 0.408202764
7695.0 0.40728057
7696.0 0.406356487
7697.0 0.405433322
7698.0 0.404511276
7699.0 0.403589117
7700.0 0.402668538
7701.0 0.401752774
7702.0 0.40083804
7703.0 0.399922674
7704.0 0.399009324
7705.0 0.399448978
7706.0 0.399888297
7707.0 0.400326785
7708.0 0.400766066
7709.0 0.401205033
7710.0 0.401643119
7711.0 0.402051393
7712.0 0.402458814
7713.0 0.40286633
7714.0 0.403271119
7715.0 0.402034673
7716.0 0.400797183
7717.0 0.399561008
7718.0 0.398324411
7719.0 0.39708986
7720.0 0.395855515
7721.0 0.394629256
7722.0 0.393403254
7723.0 0.392177924
7724.0 0.390953981
7725.0 0.391073887
7726.0 0.391195277
7727.0 0.391315858
7728.0 0.391436878
7729.0 0.39155669
7730.0 0.391677351
7731.0 0.39180274
7732.0 0.391928427
7733.0 0.392052889
7734.0 0.392177748
7735.0 0.392386743
7736.0 0.392595047
7737.0 0.392803097
7738.0 0.393010912
7739.0 0.393218523
7740.0 0.393426473
7741.0 0.393692783
7742.0 0.393958435
7743.0 0.394225673
7744.0 0.39449103
7745.0 0.393670553
7746.0 0.392850175
7747.0 0.39203009
7748.0 0.391210242
7749.0 0.390391224
7750.0 0.389571224
7751.0 0.388706592
7752.0 0.387843904
7753.0 0.386980032
7754.0 0.386117215
7755.0 0.385712724
7756.0 0.385310023
7757.0 0.384905927
7758.0 0.384502048
7759.0 0.38409932
7760.0 0.383695709
7761.0 0.383172801
7762.0 0.38265079
7763.0 0.38212822
7764.0 0.381606644
7765.0 0.380877422
7766.0 0.380149933
7767.0 0.379422642
7768.0 0.378696038
7769.0 0.377970071
7770.0 0.377244861
7771.0 0.376681534
7772.0 0.376118263
7773.0 0.375554706
7774.0 0.374991747
7775.0 0.37558581
7776.0 0.376180194
7777.0 0.376774216
7778.0 0.377368125
7779.0 0.377961545
7780.0 0.378554382
7781.0 0.37913685
7782.0 0.379719449
7783.0 0.380301278
7784.0 0.380881505
7785.0 0.380802959
7786.0 0.380723503
7787.0 0.380645168
7788.0 0.380565738
7789.0 0.380487239
7790.0 0.380407803
7791.0 0.380302621
7792.0 0.380196835
7793.0 0.380091614
7794.0 0.37998639
7795.0 0.380045214
7796.0 0.3801045
7797.0 0.380163717
7798.0 0.380222787
7799.0 0.380281801
7800.0 0.380340199
7801.0 0.380399012
7802.0 0.380457777
7803.0 0.380516414
7804.0 0.380575094
7805.0 0.38075757
7806.0 0.380937861
7807.0 0.38111955
7808.0 0.381300491
7809.0 0.38148185
7810.0 0.38166194
7811.0 0.381773737
7812.0 0.38188526
7813.0 0.381996534
7814.0 0.382107623
7815.0 0.382178091
7816.0 0.382248321
7817.0 0.382316757
7818.0 0.382387209
7819.0 0.382456383
7820.0 0.382524796
7821.0 0.382628071
7822.0 0.382731264
7823.0 0.38283419
7824.0 0.382936464
7825.0 0.383081396
7826.0 0.383223379
7827.0 0.383366818
7828.0 0.383508951
7829.0 0.383651531
7830.0 0.383793742
7831.0 0.383896508
7832.0 0.383999032
7833.0 0.384100195
7834.0 0.384202259
7835.0 0.384099604
7836.0 0.383998674
7837.0 0.38389652
7838.0 0.3837949
7839.0 0.383693776
7840.0 0.38359152
7841.0 0.383590744
7842.0 0.383588886
7843.0 0.383587425
7844.0 0.383585961
7845.0 0.384312306
7846.0 0.385037768
7847.0 0.385762214
7848.0 0.386486913
7849.0 0.38721112
7850.0 0.387934476
7851.0 0.388531309
7852.0 0.38912616
7853.0 0.389721381
7854.0 0.390315734
7855.0 0.389780318
7856.0 0.389247067
7857.0 0.388713072
7858.0 0.388180021
7859.0 0.387646858
7860.0 0.387114597
7861.0 0.386681878
7862.0 0.386248325
7863.0 0.385816506
7864.0 0.385382612
7865.0 0.38535155
7866.0 0.38531926
7867.0 0.385287418
7868.0 0.385255593
7869.0 0.385223633
7870.0 0.385191045
7871.0 0.385117546
7872.0 0.385042876
7873.0 0.384968045
7874.0 0.38489442
7875.0 0.384979365
7876.0 0.385065221
7877.0 0.385149779
7878.0 0.38523476
7879.0 0.38531948
7880.0 0.385403553
7881.0 0.385505216
7882.0 0.385606176
7883.0 0.385705814
7884.0 0.385806919
7885.0 0.385668046
7886.0 0.385530234
7887.0 0.385391259
7888.0 0.385252813
7889.0 0.385113933
7890.0 0.384976081
7891.0 0.384827001
7892.0 0.384677893
7893.0 0.38452929
7894.0 0.384380972
7895.0 0.384668895
7896.0 0.38495513
7897.0 0.385242039
7898.0 0.385529266
7899.0 0.385815011
7900.0 0.386100917
7901.0 0.386375897
7902.0 0.386651091
7903.0 0.386925376
7904.0 0.387199305
7905.0 0.386407026
7906.0 0.385615944
7907.0 0.384824262
7908.0 0.384033709
7909.0 0.383243546
7910.0 0.382453478
7911.0 0.381648824
7912.0 0.380844116
7913.0 0.380040033
7914.0 0.379237912
7915.0 0.379064496
7916.0 0.378890817
7917.0 0.378717689
7918.0 0.37854508
7919.0 0.378370351
7920.0 0.378197228
7921.0 0.378057686
7922.0 0.377917547
7923.0 0.377776878
7924.0 0.377637259
7925.0 0.378044792
7926.0 0.378451965
7927.0 0.378858674
7928.0 0.379266008
7929.0 0.379671419
7930.0 0.380077973
7931.0 0.380501212
7932.0 0.380924679
7933.0 0.381347153
7934.0 0.381768374
7935.0 0.380318427
7936.0 0.378868471
7937.0 0.377418238
7938.0 0.375970561
7939.0 0.374523129
7940.0 0.373075456
7941.0 0.371561548
7942.0 0.370048382
7943.0 0.368535071
7944.0 0.367025779
7945.0 0.367731346
7946.0 0.368436079
7947.0 0.369140886
7948.0 0.369843799
7949.0 0.370545336
7950.0 0.371247028
7951.0 0.371953425
7952.0 0.372657319
7953.0 0.37336212
7954.0 0.374064871
7955.0 0.373644876
7956.0 0.373227494
7957.0 0.372808632
7958.0 0.372390694
7959.0 0.371971859
7960.0 0.371554961
7961.0 0.371159643
7962.0 0.37076453
7963.0 0.370369548
7964.0 0.369974868
7965.0 0.370466073
7966.0 0.370956606
7967.0 0.371446576
7968.0 0.371936054
7969.0 0.372423846
7970.0 0.372912233
7971.0 0.373410752
7972.0 0.373907072
7973.0 0.37440343
7974.0 0.374900398
7975.0 0.373977974
7976.0 0.373056143
7977.0 0.372135531
7978.0 0.371215533
7979.0 0.370295143
7980.0 0.369376435
7981.0 0.368625462
7982.0 0.367874321
7983.0 0.367123531
7984.0 0.366373131
7985.0 0.366615759
7986.0 0.366858325
7987.0 0.367100793
7988.0 0.367343713
7989.0 0.36758647
7990.0 0.367827538
7991.0 0.367980706
7992.0 0.368133221
7993.0 0.368284976
7994.0 0.368436637
7995.0 0.368167853
7996.0 0.367900746
7997.0 0.367630912
7998.0 0.367362788
7999.0 0.367094711
8000.0 0.366825452
8001.0 0.366432798
8002.0 0.36603988
8003.0 0.365647732
8004.0 0.365253828
8005.0 0.36451993
8006.0 0.363786352
8007.0 0.363052793
8008.0 0.362319319
8009.0 0.361587103
8010.0 0.360855893
8011.0 0.360184258
8012.0 0.359512444
8013.0 0.358841589
8014.0 0.358171152
8015.0 0.359016609
8016.0 0.359861772
8017.0 0.360705683
8018.0 0.361548827
8019.0 0.362391143
8020.0 0.36323222
8021.0 0.364116385
8022.0 0.36499949
8023.0 0.365881428
8024.0 0.366763193
8025.0 0.366096503
8026.0 0.365430014
8027.0 0.364763713
8028.0 0.364098159
8029.0 0.363431999
8030.0 0.362766993
8031.0 0.362058072
8032.0 0.361348452
8033.0 0.360640972
8034.0 0.359933864
8035.0 0.360204588
8036.0 0.360475615
8037.0 0.360746792
8038.0 0.361016574
8039.0 0.36128656
8040.0 0.361556202
8041.0 0.361823019
8042.0 0.362090645
8043.0 0.362357916
8044.0 0.36262378
8045.0 0.362027678
8046.0 0.36143305
8047.0 0.360837112
8048.0 0.360242032
8049.0 0.359646847
8050.0 0.359052574
8051.0 0.358557076
8052.0 0.358060513
8053.0 0.357565188
8054.0 0.357068699
8055.0 0.357059419
8056.0 0.357049484
8057.0 0.35703893
8058.0 0.357028922
8059.0 0.357019244
8060.0 0.357008529
8061.0 0.35680901
8062.0 0.3566096
8063.0 0.356409603
8064.0 0.356211292
8065.0 0.356383128
8066.0 0.356555618
8067.0 0.356728181
8068.0 0.356899243
8069.0 0.357070796
8070.0 0.3572419
8071.0 0.35760016
8072.0 0.357959884
8073.0 0.358318345
8074.0 0.358677743
8075.0 0.357997885
8076.0 0.357317594
8077.0 0.356638033
8078.0 0.355958017
8079.0 0.355279739
8080.0 0.3545999
8081.0 0.353859377
8082.0 0.353118696
8083.0 0.352379477
8084.0 0.351640059
8085.0 0.352159176
8086.0 0.35267725
8087.0 0.353196057
8088.0 0.353713269
8089.0 0.354231207
8090.0 0.354748715
8091.0 0.355170373
8092.0 0.355592413
8093.0 0.356013854
8094.0 0.356434407
8095.0 0.356376236
8096.0 0.356316134
8097.0 0.356258155
8098.0 0.356198413
8099.0 0.356138976
8100.0 0.356079494
8101.0 0.356178512
8102.0 0.356275851
8103.0 0.35637475
8104.0 0.356472836
8105.0 0.356974702
8106.0 0.357476279
8107.0 0.357977053
8108.0 0.35847823
8109.0 0.358979593
8110.0 0.359479788
8111.0 0.359902973
8112.0 0.36032347
8113.0 0.360744717
8114.0 0.3611647
8115.0 0.360084787
8116.0 0.359005604
8117.0 0.357925044
8118.0 0.356846763
8119.0 0.355768544
8120.0 0.354690996
8121.0 0.353583933
8122.0 0.352478922
8123.0 0.351374207
8124.0 0.350270277
8125.0 0.349604246
8126.0 0.348939776
8127.0 0.34827479
8128.0 0.347611253
8129.0 0.34694758
8130.0 0.346283887
8131.0 0.345634132
8132.0 0.344985388
8133.0 0.344336463
8134.0 0.343688036
8135.0 0.344419796
8136.0 0.345149916
8137.0 0.345881474
8138.0 0.346610118
8139.0 0.3473402
8140.0 0.348068062
8141.0 0.348775437
8142.0 0.349481514
8143.0 0.350185735
8144.0 0.350890765
8145.0 0.350436852
8146.0 0.349984267
8147.0 0.349531463
8148.0 0.349079007
8149.0 0.3486273
8150.0 0.348173702
8151.0 0.347803144
8152.0 0.347430395
8153.0 0.34705997
8154.0 0.346688008
8155.0 0.346137084
8156.0 0.345585718
8157.0 0.345034099
8158.0 0.344483063
8159.0 0.343932347
8160.0 0.343382269
8161.0 0.342652622
8162.0 0.341924449
8163.0 0.341196975
8164.0 0.34047035
8165.0 0.340569601
8166.0 0.340667248
8167.0 0.340765563
8168.0 0.340862345
8169.0 0.340960288
8170.0 0.341055533
8171.0 0.341351462
8172.0 0.341646063
8173.0 0.341941597
8174.0 0.3422364
8175.0 0.341852554
8176.0 0.341469711
8177.0 0.341085952
8178.0 0.340703297
8179.0 0.34031952
8180.0 0.339936491
8181.0 0.33954796
8182.0 0.339157932
8183.0 0.338770097
8184.0 0.338380688
8185.0 0.338989669
8186.0 0.33959718
8187.0 0.340205384
8188.0 0.340812812
8189.0 0.341419716
8190.0 0.342026428
8191.0 0.342517864
8192.0 0.343008523
8193.0 0.343498595
8194.0 0.34398847
8195.0 0.343305087
8196.0 0.342623995
8197.0 0.3419424
8198.0 0.341262946
8199.0 0.340582348
8200.0 0.339903521
8201.0 0.339274336
8202.0 0.338646037
8203.0 0.338018117
8204.0 0.33739006
8205.0 0.337045933
8206.0 0.336700864
8207.0 0.336357094
8208.0 0.33601291
8209.0 0.335669352
8210.0 0.335324868
8211.0 0.335033974
8212.0 0.334742487
8213.0 0.334450078
8214.0 0.334159242
8215.0 0.334325474
8216.0 0.334491638
8217.0 0.334658051
8218.0 0.334823793
8219.0 0.334989313
8220.0 0.33515527
8221.0 0.335121333
8222.0 0.33508814
8223.0 0.335053633
8224.0 0.33501877
8225.0 0.334810252
8226.0 0.334599979
8227.0 0.334390874
8228.0 0.334181671
8229.0 0.333970955
8230.0 0.333762256
8231.0 0.333728983
8232.0 0.333697279
8233.0 0.333665498
8234.0 0.333631955
8235.0 0.333669633
8236.0 0.333707137
8237.0 0.333742829
8238.0 0.33378064
8239.0 0.333817205
8240.0 0.333853604
8241.0 0.333831974
8242.0 0.333809093
8243.0 0.333787153
8244.0 0.333764605
8245.0 0.333255823
8246.0 0.332748541
8247.0 0.332240481
8248.0 0.33173374
8249.0 0.33122684
8250.0 0.330720939
8251.0 0.330258899
8252.0 0.329796485
8253.0 0.329335945
8254.0 0.328873998
8255.0 0.329276614
8256.0 0.329678334
8257.0 0.330080194
8258.0 0.330481111
8259.0 0.330881061
8260.0 0.331280641
8261.0 0.33164488
8262.0 0.332007018
8263.0 0.332369825
8264.0 0.332732083
8265.0 0.332405522
8266.0 0.33207907
8267.0 0.331753287
8268.0 0.331426557
8269.0 0.331101704
8270.0 0.330775884
8271.0 0.33047735
8272.0 0.330180143
8273.0 0.329882901
8274.0 0.329584188
8275.0 0.329219293
8276.0 0.328853388
8277.0 0.328487141
8278.0 0.328122655
8279.0 0.327756168
8280.0 0.327391946
8281.0 0.327022168
8282.0 0.326650924
8283.0 0.326281436
8284.0 0.325911619
8285.0 0.325473195
8286.0 0.325036076
8287.0 0.324598639
8288.0 0.324161379
8289.0 0.32372442
8290.0 0.323287618
8291.0 0.322755956
8292.0 0.322226536
8293.0 0.321697083
8294.0 0.321167949
8295.0 0.321216777
8296.0 0.321263591
8297.0 0.321312184
8298.0 0.321358922
8299.0 0.321405373
8300.0 0.321452521
8301.0 0.321564217
8302.0 0.321676758
8303.0 0.321788975
8304.0 0.321901554
8305.0 0.321775551
8306.0 0.321651617
8307.0 0.321526648
8308.0 0.321402161
8309.0 0.321278181
8310.0 0.321152552
8311.0 0.321025815
8312.0 0.320896837
8313.0 0.320770526
8314.0 0.320642013
8315.0 0.320346211
8316.0 0.320051689
8317.0 0.319756678
8318.0 0.319460222
8319.0 0.319165533
8320.0 0.318870968
8321.0 0.318638023
8322.0 0.318404544
8323.0 0.318171092
8324.0 0.317936495
8325.0 0.31790527
8326.0 0.317871743
8327.0 0.317839248
8328.0 0.317806016
8329.0 0.317773311
8330.0 0.3177393
8331.0 0.317624464
8332.0 0.317509066
8333.0 0.317393515
8334.0 0.317277382
8335.0 0.317096355
8336.0 0.316913603
8337.0 0.316731467
8338.0 0.316549419
8339.0 0.316367327
8340.0 0.316184696
8341.0 0.316078917
8342.0 0.315973682
8343.0 0.315867771
8344.0 0.315761878
8345.0 0.315589638
8346.0 0.315416331
8347.0 0.31524459
8348.0 0.315071842
8349.0 0.314900145
8350.0 0.314727435
8351.0 0.314527054
8352.0 0.314325343
8353.0 0.314123992
8354.0 0.313922254
8355.0 0.313950922
8356.0 0.313981055
8357.0 0.314009956
8358.0 0.314039796
8359.0 0.314068964
8360.0 0.314097307
8361.0 0.314125544
8362.0 0.314153037
8363.0 0.314181437
8364.0 0.314208728
8365.0 0.313644333
8366.0 0.313080982
8367.0 0.312517232
8368.0 0.311954498
8369.0 0.311391579
8370.0 0.310828996
8371.0 0.310198605
8372.0 0.309567172
8373.0 0.308937417
8374.0 0.308308352
8375.0 0.308692122
8376.0 0.309075767
8377.0 0.309458066
8378.0 0.30984021
8379.0 0.310220565
8380.0 0.310601769
8381.0 0.311096192
8382.0 0.311590716
8383.0 0.312084853
8384.0 0.312579715
8385.0 0.312064445
8386.0 0.311549927
8387.0 0.311035607
8388.0 0.310522057
8389.0 0.310008029
8390.0 0.309494319
8391.0 0.309026487
8392.0 0.308558215
8393.0 0.308089881
8394.0 0.307621657
8395.0 0.307834734
8396.0 0.308047149
8397.0 0.308259844
8398.0 0.308472973
8399.0 0.308684794
8400.0 0.308896976
8401.0 0.308902021
8402.0 0.308905087
8403.0 0.308908418
8404.0 0.308910239
8405.0 0.308848227
8406.0 0.308786095
8407.0 0.30872372
8408.0 0.308661705
8409.0 0.308598262
8410.0 0.30853458
8411.0 0.308549252
8412.0 0.308563151
8413.0 0.308577372
8414.0 0.308591388
8415.0 0.308412794
8416.0 0.308234238
8417.0 0.308055084
8418.0 0.30787647
8419.0 0.307697326
8420.0 0.307518286
8421.0 0.307360308
8422.0 0.307201242
8423.0 0.307041657
8424.0 0.306883624
8425.0 0.306820223
8426.0 0.306757172
8427.0 0.306694019
8428.0 0.306630232
8429.0 0.306565744
8430.0 0.306502827
8431.0 0.306356906
8432.0 0.306209203
8433.0 0.306062009
8434.0 0.305915243
8435.0 0.304944337
8436.0 0.30397521
8437.0 0.30300676
8438.0 0.302039494
8439.0 0.301074562
8440.0 0.300109239
8441.0 0.299237283
8442.0 0.298366464
8443.0 0.297496378
8444.0 0.296626365
8445.0 0.297015523
8446.0 0.297404626
8447.0 0.297793697
8448.0 0.298181198
8449.0 0.298569187
8450.0 0.298957168
8451.0 0.299320184
8452.0 0.299683168
8453.0 0.300045528
8454.0 0.300407792
8455.0 0.30033059
8456.0 0.300253911
8457.0 0.300177075
8458.0 0.300098992
8459.0 0.300021351
8460.0 0.299943583
8461.0 0.299848274
8462.0 0.29975175
8463.0 0.299655007
8464.0 0.299559898
8465.0 0.299245703
8466.0 0.298931736
8467.0 0.298617926
8468.0 0.298304328
8469.0 0.297990888
8470.0 0.297677623
8471.0 0.297391281
8472.0 0.297106193
8473.0 0.296818504
8474.0 0.29653313
8475.0 0.296031792
8476.0 0.295528707
8477.0 0.295027589
8478.0 0.29452632
8479.0 0.294024201
8480.0 0.293524199
8481.0 0.29313268
8482.0 0.292742304
8483.0 0.292350116
8484.0 0.291957972
8485.0 0.292183346
8486.0 0.29240795
8487.0 0.292631723
8488.0 0.292855875
8489.0 0.293079691
8490.0 0.293303224
8491.0 0.293336848
8492.0 0.293370015
8493.0 0.293402332
8494.0 0.293435191
8495.0 0.293038445
8496.0 0.292640284
8497.0 0.292244227
8498.0 0.291847321
8499.0 0.291450758
8500.0 0.291054491
8501.0 0.290738514
8502.0 0.290420994
8503.0 0.290104251
8504.0 0.289788115
8505.0 0.290537641
8506.0 0.291286003
8507.0 0.292032338
8508.0 0.292778572
8509.0 0.29352388
8510.0 0.294268074
8511.0 0.295047933
8512.0 0.295827464
8513.0 0.296606126
8514.0 0.297383907
8515.0 0.296220991
8516.0 0.295060087
8517.0 0.29389894
8518.0 0.292739694
8519.0 0.29158018
8520.0 0.29042158
8521.0 0.289243865
8522.0 0.288067055
8523.0 0.286890801
8524.0 0.285716748
8525.0 0.286050328
8526.0 0.286383872
8527.0 0.286716375
8528.0 0.287048399
8529.0 0.287380408
8530.0 0.287711837
8531.0 0.28796434
8532.0 0.288217661
8533.0 0.288468093
8534.0 0.288719013
8535.0 0.28902857
8536.0 0.289337953
8537.0 0.289645817
8538.0 0.289954052
8539.0 0.290261024
8540.0 0.290566
8541.0 0.290963991
8542.0 0.291359657
8543.0 0.291756448
8544.0 0.292151523
8545.0 0.29230793
8546.0 0.292464571
8547.0 0.292620354
8548.0 0.292775787
8549.0 0.292931406
8550.0 0.293086762
8551.0 0.293211879
8552.0 0.29333552
8553.0 0.293459957
8554.0 0.293583932
8555.0 0.292228391
8556.0 0.290872032
8557.0 0.289518036
8558.0 0.288164999
8559.0 0.286813788
8560.0 0.285464012
8561.0 0.284129512
8562.0 0.282797333
8563.0 0.281465312
8564.0 0.280134543
8565.0 0.280925896
8566.0 0.281715074
8567.0 0.282504358
8568.0 0.283291408
8569.0 0.284077998
8570.0 0.284863557
8571.0 0.285626968
8572.0 0.286389253
8573.0 0.28715096
8574.0 0.287910928
8575.0 0.287087968
8576.0 0.286267479
8577.0 0.285447272
8578.0 0.284628454
8579.0 0.283809276
8580.0 0.282991926
8581.0 0.28216479
8582.0 0.281339063
8583.0 0.280514672
8584.0 0.279689538
8585.0 0.279564924
8586.0 0.279439174
8587.0 0.279313827
8588.0 0.27918793
8589.0 0.279062518
8590.0 0.278937025
8591.0 0.278825229
8592.0 0.278712181
8593.0 0.278599627
8594.0 0.278486996
8595.0 0.27825921
8596.0 0.278029342
8597.0 0.277801736
8598.0 0.277573608
8599.0 0.277345562
8600.0 0.277117581
8601.0 0.276899532
8602.0 0.276681611
8603.0 0.276463077
8604.0 0.276245742
8605.0 0.276458834
8606.0 0.276672004
8607.0 0.276884196
8608.0 0.277094749
8609.0 0.277306004
8610.0 0.277516801
8611.0 0.277733504
8612.0 0.277949248
8613.0 0.278164505
8614.0 0.278379819
8615.0 0.278251999
8616.0 0.278123569
8617.0 0.277994954
8618.0 0.277865796
8619.0 0.277737642
8620.0 0.277609473
8621.0 0.277432616
8622.0 0.277256866
8623.0 0.277079996
8624.0 0.276903638
8625.0 0.276243805
8626.0 0.275585624
8627.0 0.274928818
8628.0 0.274272152
8629.0 0.273616083
8630.0 0.272959669
8631.0 0.272322756
8632.0 0.271685907
8633.0 0.27104968
8634.0 0.270414055
8635.0 0.270539872
8636.0 0.270665256
8637.0 0.270790223
8638.0 0.270915361
8639.0 0.271038958
8640.0 0.271163198
8641.0 0.271324517
8642.0 0.271485944
8643.0 0.27164652
8644.0 0.271807223
8645.0 0.271658338
8646.0 0.271510558
8647.0 0.271362176
8648.0 0.271214867
8649.0 0.271065838
8650.0 0.270917831
8651.0 0.270753901
8652.0 0.270589459
8653.0 0.270426061
8654.0 0.27026149
8655.0 0.269707143
8656.0 0.26915379
8657.0 0.268601395
8658.0 0.268048911
8659.0 0.267495753
8660.0 0.26694535
8661.0 0.266400708
8662.0 0.265855939
8663.0 0.265312234
8664.0 0.264768937
8665.0 0.264834926
8666.0 0.264900693
8667.0 0.26496669
8668.0 0.265031897
8669.0 0.265096797
8670.0 0.265161929
8671.0 0.26520333
8672.0 0.265243357
8673.0 0.265283707
8674.0 0.265324178
8675.0 0.265006946
8676.0 0.264688655
8677.0 0.264371713
8678.0 0.264054974
8679.0 0.26373896
8680.0 0.26342199
8681.0 0.263107056
8682.0 0.262792876
8683.0 0.262478291
8684.0 0.262164391
8685.0 0.26174147
8686.0 0.261318878
8687.0 0.260896583
8688.0 0.260475185
8689.0 0.260052449
8690.0 0.25963171
8691.0 0.259269691
8692.0 0.258906171
8693.0 0.25854448
8694.0 0.258182305
8695.0 0.258500044
8696.0 0.258817217
8697.0 0.259131781
8698.0 0.259448648
8699.0 0.259763939
8700.0 0.260079801
8701.0 0.260305573
8702.0 0.260530708
8703.0 0.260755712
8704.0 0.260979508
8705.0 0.260393421
8706.0 0.25980737
8707.0 0.259223107
8708.0 0.258638374
8709.0 0.258054202
8710.0 0.257471325
8711.0 0.256931289
8712.0 0.256391731
8713.0 0.255851516
8714.0 0.255313431
8715.0 0.255204613
8716.0 0.255094608
8717.0 0.254985066
8718.0 0.25487497
8719.0 0.254766357
8720.0 0.254655404
8721.0 0.254536373
8722.0 0.254417714
8723.0 0.254298474
8724.0 0.254179071
8725.0 0.254060189
8726.0 0.253940741
8727.0 0.253821065
8728.0 0.253701975
8729.0 0.253582238
8730.0 0.253463475
8731.0 0.253334247
8732.0 0.253207743
8733.0 0.253079997
8734.0 0.252951644
8735.0 0.252453614
8736.0 0.251956042
8737.0 0.251458913
8738.0 0.25096279
8739.0 0.250466609
8740.0 0.249971452
8741.0 0.24949984
8742.0 0.249028051
8743.0 0.248557753
8744.0 0.248087725
8745.0 0.248326719
8746.0 0.248565775
8747.0 0.248803683
8748.0 0.249041138
8749.0 0.249278108
8750.0 0.249515576
8751.0 0.249710979
8752.0 0.249906327
8753.0 0.250099961
8754.0 0.250293624
8755.0 0.250122139
8756.0 0.249949517
8757.0 0.249778528
8758.0 0.249605864
8759.0 0.249433726
8760.0 0.249261642
8761.0 0.249136355
8762.0 0.249009894
8763.0 0.248884463
8764.0 0.248757875
8765.0 0.248578868
8766.0 0.248400986
8767.0 0.248223625
8768.0 0.248046279
8769.0 0.24786727
8770.0 0.247689905
8771.0 0.247485962
8772.0 0.247280917
8773.0 0.247076432
8774.0 0.246872591
8775.0 0.246642451
8776.0 0.24641301
8777.0 0.246183089
8778.0 0.245953231
8779.0 0.245723954
8780.0 0.24549482
8781.0 0.245274892
8782.0 0.245054958
8783.0 0.244835151
8784.0 0.244614279
8785.0 0.244675605
8786.0 0.244736523
8787.0 0.244797699
8788.0 0.244858582
8789.0 0.24491801
8790.0 0.24497878
8791.0 0.245047865
8792.0 0.245118379
8793.0 0.245188016
8794.0 0.24525789
8795.0 0.245073672
8796.0 0.244889579
8797.0 0.244704818
8798.0 0.2445201
8799.0 0.244335931
8800.0 0.244151806
8801.0 0.243959227
8802.0 0.243767242
8803.0 0.243574164
8804.0 0.243382208
8805.0 0.243264225
8806.0 0.243147835
8807.0 0.243030786
8808.0 0.242913672
8809.0 0.242795935
8810.0 0.24267974
8811.0 0.24255233
8812.0 0.242425355
8813.0 0.242297191
8814.0 0.242170121
8815.0 0.242017874
8816.0 0.241865086
8817.0 0.24171282
8818.0 0.2415605
8819.0 0.241408145
8820.0 0.241255788
8821.0 0.241107417
8822.0 0.240959565
8823.0 0.240811112
8824.0 0.240663174
8825.0 0.240664805
8826.0 0.240665076
8827.0 0.240666212
8828.0 0.240666546
8829.0 0.240667188
8830.0 0.240666992
8831.0 0.240676308
8832.0 0.240684855
8833.0 0.240693049
8834.0 0.240702197
8835.0 0.240413301
8836.0 0.240126248
8837.0 0.239838864
8838.0 0.239550998
8839.0 0.239263303
8840.0 0.238976867
8841.0 0.238673606
8842.0 0.238369494
8843.0 0.238066051
8844.0 0.23776343
8845.0 0.237558321
8846.0 0.237353322
8847.0 0.23714785
8848.0 0.236943428
8849.0 0.236739116
8850.0 0.23653481
8851.0 0.23632561
8852.0 0.236117038
8853.0 0.235907955
8854.0 0.235699485
8855.0 0.235345165
8856.0 0.234991158
8857.0 0.234637476
8858.0 0.234283484
8859.0 0.233930327
8860.0 0.233576297
8861.0 0.233266475
8862.0 0.232956759
8863.0 0.232646687
8864.0 0.232336724
8865.0 0.23224415
8866.0 0.232153203
8867.0 0.232060413
8868.0 0.231967008
8869.0 0.231874544
8870.0 0.231780887
8871.0 0.231659136
8872.0 0.231536212
8873.0 0.231413748
8874.0 0.23129067
8875.0 0.231048157
8876.0 0.230805728
8877.0 0.230563467
8878.0 0.230321239
8879.0 0.230079179
8880.0 0.229838335
8881.0 0.229581758
8882.0 0.229325885
8883.0 0.229070157
8884.0 0.228815119
8885.0 0.228796969
8886.0 0.228779187
8887.0 0.228761108
8888.0 0.228743869
8889.0 0.228725874
8890.0 0.228707068
8891.0 0.228704919
8892.0 0.228703108
8893.0 0.228700981
8894.0 0.228698664
8895.0 0.227916974
8896.0 0.227136207
8897.0 0.226356314
8898.0 0.225576725
8899.0 0.224798687
8900.0 0.224020905
8901.0 0.223239355
8902.0 0.222460427
8903.0 0.221680185
8904.0 0.220901453
8905.0 0.220732338
8906.0 0.220564843
8907.0 0.220396783
8908.0 0.220228258
8909.0 0.220060177
8910.0 0.219891632
8911.0 0.219726329
8912.0 0.219561021
8913.0 0.219396302
8914.0 0.219229923
8915.0 0.21934371
8916.0 0.219456477
8917.0 0.219569381
8918.0 0.219681885
8919.0 0.219793868
8920.0 0.219906102
8921.0 0.22002272
8922.0 0.220138393
8923.0 0.220255239
8924.0 0.220370624
8925.0 0.220069508
8926.0 0.219770278
8927.0 0.219470096
8928.0 0.219170152
8929.0 0.218870921
8930.0 0.218571861
8931.0 0.218254856
8932.0 0.217938123
8933.0 0.217622085
8934.0 0.217306865
8935.0 0.216945551
8936.0 0.216583441
8937.0 0.216223302
8938.0 0.215862894
8939.0 0.215503366
8940.0 0.215143633
8941.0 0.214807344
8942.0 0.214472446
8943.0 0.214136612
8944.0 0.213801064
8945.0 0.21333101
8946.0 0.212860282
8947.0 0.212390049
8948.0 0.211920164
8949.0 0.211451815
8950.0 0.210982873
8951.0 0.210507338
8952.0 0.210033854
8953.0 0.209559782
8954.0 0.209087282
8955.0 0.209178215
8956.0 0.209269841
8957.0 0.20936
8958.0 0.20945079
8959.0 0.209539672
8960.0 0.209629753
8961.0 0.209703583
8962.0 0.209778118
8963.0 0.209851693
8964.0 0.209924857
8965.0 0.209707156
8966.0 0.209489063
8967.0 0.209270985
8968.0 0.209052993
8969.0 0.208835693
8970.0 0.208617881
8971.0 0.208416761
8972.0 0.208215623
8973.0 0.208013968
8974.0 0.207812999
8975.0 0.207789157
8976.0 0.207766263
8977.0 0.207742007
8978.0 0.207718029
8979.0 0.207693914
8980.0 0.207670108
8981.0 0.207637554
8982.0 0.207606432
8983.0 0.207574017
8984.0 0.207542499
8985.0 0.20757574
8986.0 0.207609785
8987.0 0.207642949
8988.0 0.207676368
8989.0 0.207709371
8990.0 0.20774051
8991.0 0.207793024
8992.0 0.207844661
8993.0 0.207894881
8994.0 0.207945849
8995.0 0.207799688
8996.0 0.207652991
8997.0 0.207506193
8998.0 0.207360481
8999.0 0.207214216
9000.0 0.207067851
9001.0 0.206883209
9002.0 0.206700171
9003.0 0.20651611
9004.0 0.206332582
9005.0 0.2060845
9006.0 0.205834397
9007.0 0.20558658
9008.0 0.205337857
9009.0 0.20508975
9010.0 0.204842378
9011.0 0.204628084
9012.0 0.204412775
9013.0 0.204199228
9014.0 0.203985103
9015.0 0.203771102
9016.0 0.203557124
9017.0 0.203343719
9018.0 0.203129321
9019.0 0.202915563
9020.0 0.20270289
9021.0 0.202477292
9022.0 0.202253427
9023.0 0.20203017
9024.0 0.201805347
9025.0 0.201666672
9026.0 0.201528932
9027.0 0.201390131
9028.0 0.201251791
9029.0 0.201113354
9030.0 0.200974355
9031.0 0.200833793
9032.0 0.200693116
9033.0 0.200552404
9034.0 0.200411239
9035.0 0.200059199
9036.0 0.199706371
9037.0 0.199354901
9038.0 0.199003236
9039.0 0.198651791
9040.0 0.198300143
9041.0 0.197956788
9042.0 0.197613697
9043.0 0.197271354
9044.0 0.19692935
9045.0 0.196859273
9046.0 0.196790675
9047.0 0.196721917
9048.0 0.196653558
9049.0 0.196583905
9050.0 0.196514117
9051.0 0.196440141
9052.0 0.196364855
9053.0 0.196290565
9054.0 0.196216173
9055.0 0.196287551
9056.0 0.196357992
9057.0 0.196429135
9058.0 0.19649942
9059.0 0.1965692
9060.0 0.196638087
9061.0 0.196691729
9062.0 0.196746034
9063.0 0.196798852
9064.0 0.19685185
9065.0 0.196264385
9066.0 0.195677107
9067.0 0.195090059
9068.0 0.194502649
9069.0 0.193917061
9070.0 0.193332763
9071.0 0.192776115
9072.0 0.1922223
9073.0 0.191667309
9074.0 0.191113497
9075.0 0.191052014
9076.0 0.19098986
9077.0 0.190929099
9078.0 0.190867155
9079.0 0.190804983
9080.0 0.190743214
9081.0 0.190661066
9082.0 0.190579209
9083.0 0.190496742
9084.0 0.190413513
9085.0 0.190004624
9086.0 0.189596736
9087.0 0.189189148
9088.0 0.188782546
9089.0 0.188375335
9090.0 0.187969058
9091.0 0.18757032
9092.0 0.187171452
9093.0 0.186773
9094.0 0.186375434
9095.0 0.186683282
9096.0 0.186990921
9097.0 0.18729891
9098.0 0.187604942
9099.0 0.187910188
9100.0 0.188215221
9101.0 0.188538396
9102.0 0.188860395
9103.0 0.18918213
9104.0 0.189503177
9105.0 0.189221328
9106.0 0.188941274
9107.0 0.188661345
9108.0 0.188382163
9109.0 0.188102594
9110.0 0.187823191
9111.0 0.187525999
9112.0 0.187229567
9113.0 0.186933383
9114.0 0.18663737
9115.0 0.186223025
9116.0 0.18580844
9117.0 0.185394349
9118.0 0.184979547
9119.0 0.184566839
9120.0 0.184153992
9121.0 0.183741136
9122.0 0.183329775
9123.0 0.1829172
9124.0 0.182505609
9125.0 0.182469141
9126.0 0.182431952
9127.0 0.182394971
9128.0 0.182356195
9129.0 0.182319387
9130.0 0.182281223
9131.0 0.182227629
9132.0 0.182173757
9133.0 0.18211913
9134.0 0.182065446
9135.0 0.18202931
9136.0 0.181994084
9137.0 0.181959139
9138.0 0.181922864
9139.0 0.181886909
9140.0 0.181851198
9141.0 0.181833682
9142.0 0.181816479
9143.0 0.181798473
9144.0 0.181780758
9145.0 0.18149201
9146.0 0.18120401
9147.0 0.180914551
9148.0 0.180626944
9149.0 0.180339529
9150.0 0.180051766
9151.0 0.1797545
9152.0 0.179456986
9153.0 0.179160122
9154.0 0.178862505
9155.0 0.178796243
9156.0 0.178729332
9157.0 0.178663256
9158.0 0.178596432
9159.0 0.178527829
9160.0 0.178460703
9161.0 0.178412744
9162.0 0.178364582
9163.0 0.178315723
9164.0 0.178266653
9165.0 0.178122908
9166.0 0.177978551
9167.0 0.177834699
9168.0 0.177690768
9169.0 0.177546309
9170.0 0.177402855
9171.0 0.177229913
9172.0 0.177058075
9173.0 0.176885674
9174.0 0.176712778
9175.0 0.176634612
9176.0 0.176556821
9177.0 0.17647829
9178.0 0.176399062
9179.0 0.176320711
9180.0 0.176241646
9181.0 0.176175444
9182.0 0.176108559
9183.0 0.176041434
9184.0 0.175974093
9185.0 0.175981283
9186.0 0.175988683
9187.0 0.175995234
9188.0 0.176001408
9189.0 0.176007868
9190.0 0.176013426
9191.0 0.176031278
9192.0 0.176047695
9193.0 0.176063851
9194.0 0.176079631
9195.0 0.175837247
9196.0 0.175594419
9197.0 0.175351125
9198.0 0.175107946
9199.0 0.174865468
9200.0 0.174623144
9201.0 0.174378557
9202.0 0.174134668
9203.0 0.173891532
9204.0 0.173647903
9205.0 0.173569544
9206.0 0.173491588
9207.0 0.173411815
9208.0 0.173333554
9209.0 0.173255101
9210.0 0.173175971
9211.0 0.173096711
9212.0 0.173017287
9213.0 0.172938838
9214.0 0.172858534
9215.0 0.172670233
9216.0 0.172481325
9217.0 0.172293606
9218.0 0.172104197
9219.0 0.171915511
9220.0 0.171727929
9221.0 0.171547263
9222.0 0.171366102
9223.0 0.171186135
9224.0 0.171005565
9225.0 0.170808176
9226.0 0.170610231
9227.0 0.170411276
9228.0 0.170213488
9229.0 0.170016874
9230.0 0.169818663
9231.0 0.169612855
9232.0 0.169407687
9233.0 0.169203174
9234.0 0.168997598
9235.0 0.169043395
9236.0 0.169087673
9237.0 0.169131568
9238.0 0.169176253
9239.0 0.169219997
9240.0 0.169263914
9241.0 0.169319646
9242.0 0.169375024
9243.0 0.169431712
9244.0 0.169486325
9245.0 0.169435465
9246.0 0.169384355
9247.0 0.169332519
9248.0 0.169281093
9249.0 0.169228354
9250.0 0.169175402
9251.0 0.169116975
9252.0 0.16905725
9253.0 0.168996765
9254.0 0.168938338
9255.0 0.16870183
9256.0 0.168466641
9257.0 0.16823153
9258.0 0.167995481
9259.0 0.16776115
9260.0 0.167525926
9261.0 0.167292194
9262.0 0.167059131
9263.0 0.166826199
9264.0 0.16659341
9265.0 0.166343379
9266.0 0.16609341
9267.0 0.165843636
9268.0 0.165593494
9269.0 0.165343465
9270.0 0.165094111
9271.0 0.164844479
9272.0 0.164594955
9273.0 0.164345599
9274.0 0.164096429
9275.0 0.164054509
9276.0 0.164012866
9277.0 0.163969405
9278.0 0.163927338
9279.0 0.163884536
9280.0 0.163842109
9281.0 0.163785597
9282.0 0.163728373
9283.0 0.163671977
9284.0 0.163614925
9285.0 0.163386597
9286.0 0.163159001
9287.0 0.162930918
9288.0 0.162703642
9289.0 0.162475836
9290.0 0.162247643
9291.0 0.162035427
9292.0 0.161822823
9293.0 0.161611362
9294.0 0.161398342
9295.0 0.161338454
9296.0 0.161278901
9297.0 0.161218625
9298.0 0.161159796
9299.0 0.161098567
9300.0 0.161037152
9301.0 0.160970909
9302.0 0.160902781
9303.0 0.16083616
9304.0 0.160768803
9305.0 0.160483098
9306.0 0.160197066
9307.0 0.159911814
9308.0 0.159626786
9309.0 0.159340884
9310.0 0.159056889
9311.0 0.15878152
9312.0 0.158506965
9313.0 0.15823149
9314.0 0.157956778
9315.0 0.157782003
9316.0 0.15760729
9317.0 0.157432036
9318.0 0.157257893
9319.0 0.157082742
9320.0 0.15690865
9321.0 0.156720765
9322.0 0.1565335
9323.0 0.156346291
9324.0 0.156159115
9325.0 0.156037906
9326.0 0.155916666
9327.0 0.155795285
9328.0 0.155674378
9329.0 0.155553397
9330.0 0.155431772
9331.0 0.155313053
9332.0 0.155194266
9333.0 0.155077594
9334.0 0.154959138
9335.0 0.154743343
9336.0 0.154526518
9337.0 0.154309792
9338.0 0.154094263
9339.0 0.153878908
9340.0 0.153663572
9341.0 0.15343873
9342.0 0.153214572
9343.0 0.152990529
9344.0 0.152766061
9345.0 0.152573526
9346.0 0.152383203
9347.0 0.152191304
9348.0 0.1519995
9349.0 0.15180715
9350.0 0.151617139
9351.0 0.151448838
9352.0 0.15128277
9353.0 0.151114453
9354.0 0.15094791
9355.0 0.150780143
9356.0 0.150612469
9357.0 0.150445348
9358.0 0.150278183
9359.0 0.150111121
9360.0 0.149943465
9361.0 0.149751138
9362.0 0.149558862
9363.0 0.149366612
9364.0 0.149173972
9365.0 0.148918594
9366.0 0.148663393
9367.0 0.148408896
9368.0 0.148154173
9369.0 0.147899027
9370.0 0.14764521
9371.0 0.147397248
9372.0 0.147148863
9373.0 0.146901755
9374.0 0.146653763
9375.0 0.146517308
9376.0 0.146378549
9377.0 0.146242004
9378.0 0.146103744
9379.0 0.145967133
9380.0 0.14582879
9381.0 0.14569013
9382.0 0.145552058
9383.0 0.145412778
9384.0 0.145275192
9385.0 0.144995729
9386.0 0.144718247
9387.0 0.144441573
9388.0 0.144163459
9389.0 0.14388623
9390.0 0.143609161
9391.0 0.143337944
9392.0 0.143065898
9393.0 0.142794035
9394.0 0.142522953
9395.0 0.141914069
9396.0 0.141306141
9397.0 0.140700224
9398.0 0.140093588
9399.0 0.139488471
9400.0 0.138884806
9401.0 0.138243791
9402.0 0.137603433
9403.0 0.136965252
9404.0 0.136327777
9405.0 0.136388879
9406.0 0.136449813
9407.0 0.136510031
9408.0 0.136569051
9409.0 0.136627997
9410.0 0.136686175
9411.0 0.136749024
9412.0 0.136809601
9413.0 0.136869979
9414.0 0.136931342
9415.0 0.136661257
9416.0 0.13639186
9417.0 0.136123242
9418.0 0.135854223
9419.0 0.135585983
9420.0 0.135317877
9421.0 0.135032625
9422.0 0.134747619
9423.0 0.134462819
9424.0 0.134178873
9425.0 0.133850364
9426.0 0.133523346
9427.0 0.133196113
9428.0 0.132868755
9429.0 0.132543971
9430.0 0.132216842
9431.0 0.131903162
9432.0 0.131589257
9433.0 0.131276171
9434.0 0.130962455
9435.0 0.130680207
9436.0 0.13039665
9437.0 0.130112839
9438.0 0.129830868
9439.0 0.129548603
9440.0 0.129267122
9441.0 0.128990655
9442.0 0.128715013
9443.0 0.128440072
9444.0 0.128164815
9445.0 0.127831908
9446.0 0.127500939
9447.0 0.127168741
9448.0 0.126838541
9449.0 0.126508778
9450.0 0.126178274
9451.0 0.125840815
9452.0 0.125502718
9453.0 0.125166609
9454.0 0.124829895
9455.0 0.124664432
9456.0 0.124498402
9457.0 0.124332795
9458.0 0.124165632
9459.0 0.124001446
9460.0 0.12383517
9461.0 0.123674764
9462.0 0.123513721
9463.0 0.123353705
9464.0 0.123194066
9465.0 0.122907323
9466.0 0.122622434
9467.0 0.122337216
9468.0 0.122052387
9469.0 0.121767781
9470.0 0.121483978
9471.0 0.121201244
9472.0 0.120918374
9473.0 0.120634653
9474.0 0.120353336
9475.0 0.120249989
9476.0 0.12014694
9477.0 0.120043719
9478.0 0.119939676
9479.0 0.119836996
9480.0 0.119732522
9481.0 0.119627345
9482.0 0.1195204
9483.0 0.119415224
9484.0 0.119308366
9485.0 0.119215339
9486.0 0.119122001
9487.0 0.119028968
9488.0 0.118936154
9489.0 0.118842044
9490.0 0.118748202
9491.0 0.118647194
9492.0 0.118546529
9493.0 0.118445558
9494.0 0.118343829
9495.0 0.118308602
9496.0 0.118274531
9497.0 0.118238933
9498.0 0.118202839
9499.0 0.118166807
9500.0 0.118129834
9501.0 0.118101081
9502.0 0.118071334
9503.0 0.118040641
9504.0 0.118010474
9505.0 0.117914115
9506.0 0.117818057
9507.0 0.117720138
9508.0 0.117622977
9509.0 0.117526649
9510.0 0.117428957
9511.0 0.117335596
9512.0 0.11724092
9513.0 0.117146452
9514.0 0.117051716
9515.0 0.116891969
9516.0 0.116732624
9517.0 0.116572718
9518.0 0.116413771
9519.0 0.116253639
9520.0 0.116095611
9521.0 0.115929558
9522.0 0.115764547
9523.0 0.115599459
9524.0 0.115434844
9525.0 0.11483774
9526.0 0.114239318
9527.0 0.11364371
9528.0 0.113048864
9529.0 0.11245637
9530.0 0.111864541
9531.0 0.111277737
9532.0 0.110692686
9533.0 0.110108387
9534.0 0.109527321
9535.0 0.10853112
9536.0 0.107538461
9537.0 0.106547731
9538.0 0.105559504
9539.0 0.104573248
9540.0 0.103591499
9541.0 0.102602536
9542.0 0.101618604
9543.0 0.100635881
9544.0 0.099656236
9545.0 0.098110411
9546.0 0.096568566
9547.0 0.095031679
9548.0 0.093499664
9549.0 0.09197116
9550.0 0.090447578
9551.0 0.088936164
9552.0 0.087428921
9553.0 0.085925903
9554.0 0.084426642
9555.0 0.082603044
9556.0 0.08078509
9557.0 0.078971905
9558.0 0.077164342
9559.0 0.075362329
9560.0 0.073564055
9561.0 0.071768771
9562.0 0.069979612
9563.0 0.068195034
9564.0 0.066416217
9565.0 0.064510822
9566.0 0.062611216
9567.0 0.060716751
9568.0 0.058829319
9569.0 0.056947039
9570.0 0.055071077
9571.0 0.053201168
9572.0 0.051338283
9573.0 0.049480267
9574.0 0.047628188
9575.0 0.046053176
9576.0 0.044483421
9577.0 0.042918001
9578.0 0.041357825
9579.0 0.039802032
9580.0 0.038251215
9581.0 0.036701529
9582.0 0.035156978
9583.0 0.033617148
9584.0 0.032083144
9585.0 0.030878827
9586.0 0.029678328
9587.0 0.028481968
9588.0 0.027289872
9589.0 0.026101476
9590.0 0.024917194
9591.0 0.023740311
9592.0 0.02256719
9593.0 0.021397562
9594.0 0.020231575
9595.0 0.01943451
9596.0 0.018639879
9597.0 0.017847809
9598.0 0.017057996
9599.0 0.016270819
9600.0 0.015486078
9601.0 0.01470411
9602.0 0.013924773
9603.0 0.013147902
9604.0 0.012373221
9605.0 0.011890951
9606.0 0.01140984
9607.0 0.010930507
9608.0 0.010452585
9609.0 0.009976075
9610.0 0.009501086
9611.0 0.009027039
9612.0 0.008554471
9613.0 0.008083566
9614.0 0.00761401
9615.0 0.007327342
9616.0 0.007041507
9617.0 0.006756665
9618.0 0.006472664
9619.0 0.00618962
9620.0 0.005907489
9621.0 0.005626151
9622.0 0.005345657
9623.0 0.005066184
9624.0 0.004787583
9625.0 0.004615305
9626.0 0.004443619
9627.0 0.004272476
9628.0 0.004101897
9629.0 0.003931952
9630.0 0.003762483
9631.0 0.003593865
9632.0 0.00342577
9633.0 0.003258255
9634.0 0.003091281
9635.0 0.002981412
9636.0 0.002871944
9637.0 0.00276281
9638.0 0.002654013
9639.0 0.002545599
9640.0 0.002437506
9641.0 0.002329594
9642.0 0.002222078
9643.0 0.002114903
9644.0 0.002008107
9645.0 0.001942621
9646.0 0.001877333
9647.0 0.001812289
9648.0 0.001747474
9649.0 0.001682849
9650.0 0.001618466
9651.0 0.001554448
9652.0 0.001490655
9653.0 0.00142707
9654.0 0.001363684
9655.0 0.001321552
9656.0 0.001279563
9657.0 0.001237687
9658.0 0.00119597
9659.0 0.001154387
9660.0 0.001112926
9661.0 0.001071546
9662.0 0.001030312
9663.0 0.000989218
9664.0 0.000948264
9665.0 0.000919403
9666.0 0.000890651
9667.0 0.000861995
9668.0 0.000833432
9669.0 0.000804974
9670.0 0.000776614
9671.0 0.000748335
9672.0 0.000720167
9673.0 0.000692095
9674.0 0.000664113
9675.0 0.000644998
9676.0 0.00062594
9677.0 0.000606951
9678.0 0.000588027
9679.0 0.000569165
9680.0 0.000550375
9681.0 0.000531665
9682.0 0.000513008
9683.0 0.000494429
9684.0 0.000475908
9685.0 0.000463802
9686.0 0.000451739
9687.0 0.000439722
9688.0 0.000427738
9689.0 0.000415805
9690.0 0.000403903
9691.0 0.000392057
9692.0 0.000380254
9693.0 0.000368488
9694.0 0.000356763
9695.0 0.00035948
9696.0 0.000362178
9697.0 0.000364871
9698.0 0.000367549
9699.0 0.000370215
9700.0 0.000372868
9701.0 0.000375509
9702.0 0.000378135
9703.0 0.000380751
9704.0 0.000383354
9705.0 0.000378573
9706.0 0.000373805
9707.0 0.000369053
9708.0 0.000364312
9709.0 0.000359594
9710.0 0.000354885
9711.0 0.000350176
9712.0 0.000345481
9713.0 0.000340801
9714.0 0.000336139
9715.0 0.000331488
9716.0 0.000326861
9717.0 0.00032224
9718.0 0.000317642
9719.0 0.000313057
9720.0 0.000308489
9721.0 0.000303947
9722.0 0.000299422
9723.0 0.000294908
9724.0 0.000290416
9725.0 0.000285934
9726.0 0.000281469
9727.0 0.000277021
9728.0 0.000272588
9729.0 0.000268167
9730.0 0.000263766
9731.0 0.000259371
9732.0 0.000254997
9733.0 0.000250637
9734.0 0.000246291
9735.0 0.000241962
9736.0 0.000237646
9737.0 0.000233347
9738.0 0.000229063
9739.0 0.000224794
9740.0 0.00022054
9741.0 0.000216301
9742.0 0.000212073
9743.0 0.000207865
9744.0 0.00020367
9745.0 0.000200156
9746.0 0.000196656
9747.0 0.000193169
9748.0 0.000189695
9749.0 0.000186234
9750.0 0.000182783
9751.0 0.000179352
9752.0 0.000175932
9753.0 0.000172525
9754.0 0.000169126
9755.0 0.000165744
9756.0 0.000162375
9757.0 0.000159015
9758.0 0.000155669
9759.0 0.000152335
9760.0 0.000149014
9761.0 0.000145708
9762.0 0.000142411
9763.0 0.000139128
9764.0 0.000135858
9765.0 0.000132599
9766.0 0.000129352
9767.0 0.000126119
9768.0 0.000122897
9769.0 0.000119686
9770.0 0.000116489
9771.0 0.000113292
9772.0 0.000110108
9773.0 0.000106936
9774.0 0.000103779
9775.0 0.000100632
9776.0 9.75e-05
9777.0 9.44e-05
9778.0 9.13e-05
9779.0 8.82e-05
9780.0 8.51e-05
9781.0 8.2e-05
9782.0 7.9e-05
9783.0 7.6e-05
9784.0 7.29e-05
9785.0 7.12e-05
9786.0 6.95e-05
9787.0 6.78e-05
9788.0 6.61e-05
9789.0 6.45e-05
9790.0 6.28e-05
9791.0 6.11e-05
9792.0 5.95e-05
9793.0 5.78e-05
9794.0 5.62e-05
9795.0 5.45e-05
9796.0 5.29e-05
9797.0 5.13e-05
9798.0 5.039642857142857e-05
9799.0 5.0389285714285715e-05
9800.0 5.0382142857142856e-05
9801.0 5.0375e-05
9802.0 5.036785714285714e-05
9803.0 5.036071428571428e-05
9804.0 5.035357142857143e-05
9805.0 5.034642857142857e-05
9806.0 5.033928571428571e-05
9807.0 5.0332142857142855e-05
9808.0 5.0325e-05
9809.0 5.031785714285714e-05
9810.0 5.031071428571429e-05
9811.0 5.030357142857143e-05
9812.0 5.029642857142857e-05
9813.0 5.028928571428571e-05
9814.0 5.0282142857142854e-05
9815.0 5.0274999999999996e-05
9816.0 5.0267857142857144e-05
9817.0 5.0260714285714286e-05
9818.0 5.025357142857143e-05
9819.0 5.024642857142857e-05
9820.0 5.023928571428571e-05
9821.0 5.023214285714285e-05
9822.0 5.0225e-05
9823.0 5.021785714285714e-05
9824.0 5.0210714285714285e-05
9825.0 5.0203571428571426e-05
9826.0 5.019642857142857e-05
9827.0 5.018928571428571e-05
9828.0 5.018214285714286e-05
9829.0 5.0175e-05
9830.0 5.016785714285714e-05
9831.0 5.016071428571428e-05
9832.0 5.0153571428571425e-05
9833.0 5.014642857142857e-05
9834.0 5.0139285714285715e-05
9835.0 5.013214285714286e-05
9836.0 5.0125e-05
9837.0 5.011785714285714e-05
9838.0 5.011071428571428e-05
9839.0 5.0103571428571424e-05
9840.0 5.02e-05
9841.0 5.04e-05
9842.0 5.06e-05
9843.0 5.09e-05
9844.0 5.11e-05
9845.0 5.13e-05
9846.0 5.15e-05
9847.0 5.17e-05
9848.0 5.2e-05
9849.0 5.22e-05
9850.0 5.24e-05
9851.0 5.26e-05
9852.0 5.28e-05
9853.0 5.3e-05
9854.0 5.32e-05
9855.0 5.35e-05
9856.0 5.37e-05
9857.0 5.39e-05
9858.0 5.41e-05
9859.0 5.43e-05
9860.0 5.45e-05
9861.0 5.47e-05
9862.0 5.49e-05
9863.0 5.51e-05
9864.0 5.53e-05
9865.0 5.44e-05
9866.0 5.36e-05
9867.0 5.27e-05
9868.0 5.18e-05
9869.0 5.1e-05
9870.0 5.01e-05
