3794.0 5.07e-05
3795.0 6.04e-05
3796.0 7.02e-05
3797.0 8.01e-05
3798.0 9e-05
3799.0 9.99e-05
3800.0 0.000109879
3801.0 0.000119804
3802.0 0.000129761
3803.0 0.000139751
3804.0 0.000149773
3805.0 0.000159828
3806.0 0.000169916
3807.0 0.000180036
3808.0 0.000190188
3809.0 0.000200374
3810.0 0.000210592
3811.0 0.000220882
3812.0 0.000231209
3813.0 0.000241572
3814.0 0.000251972
3815.0 0.000262408
3816.0 0.000272882
3817.0 0.000283392
3818.0 0.000293938
3819.0 0.000304522
3820.0 0.000315142
3821.0 0.000325822
3822.0 0.00033654
3823.0 0.000347296
3824.0 0.000358091
3825.0 0.000368925
3826.0 0.000379797
3827.0 0.000390709
3828.0 0.000401659
3829.0 0.000412648
3830.0 0.000423676
3831.0 0.000505446
3832.0 0.000587556
3833.0 0.000670004
3834.0 0.000752792
3835.0 0.000835924
3836.0 0.000919394
3837.0 0.001003208
3838.0 0.001087364
3839.0 0.001171862
3840.0 0.001256705
3841.0 0.001341811
3842.0 0.001427255
3843.0 0.001513031
3844.0 0.001599148
3845.0 0.001685599
3846.0 0.001772387
3847.0 0.001859518
3848.0 0.001946988
3849.0 0.002034799
3850.0 0.002122944
3851.0 0.002296144
3852.0 0.002470092
3853.0 0.002644777
3854.0 0.002820223
3855.0 0.002996418
3856.0 0.00317337
3857.0 0.003351073
3858.0 0.003529537
3859.0 0.003708749
3860.0 0.003888726
3861.0 0.004172
3862.0 0.004456392
3863.0 0.004741914
3864.0 0.00502857
3865.0 0.005316368
3866.0 0.005605304
3867.0 0.005895371
3868.0 0.006186582
3869.0 0.006478954
3870.0 0.006772454
3871.0 0.007222102
3872.0 0.007673661
3873.0 0.008127162
3874.0 0.008582582
3875.0 0.00903995
3876.0 0.00949926
3877.0 0.009960515
3878.0 0.010423705
3879.0 0.010888877
3880.0 0.011355975
3881.0 0.012002284
3882.0 0.012651439
3883.0 0.013303452
3884.0 0.013958324
3885.0 0.014616063
3886.0 0.015276653
3887.0 0.015940168
3888.0 0.016606523
3889.0 0.017275789
3890.0 0.017947932
3891.0 0.018789719
3892.0 0.019634909
3893.0 0.020483651
3894.0 0.021335783
3895.0 0.022191394
3896.0 0.023050561
3897.0 0.023913182
3898.0 0.024779342
3899.0 0.025648945
3900.0 0.026522068
3901.0 0.027434665
3902.0 0.028351309
3903.0 0.029271861
3904.0 0.030196448
3905.0 0.031124985
3906.0 0.032057536
3907.0 0.032994093
3908.0 0.033934685
3909.0 0.034879351
3910.0 0.03582796
3911.0 0.036829862
3912.0 0.037835859
3913.0 0.038845763
3914.0 0.039859733
3915.0 0.040877624
3916.0 0.04189965
3917.0 0.042925659
3918.0 0.043955772
3919.0 0.044989944
3920.0 0.046028054
3921.0 0.047015178
3922.0 0.048006293
3923.0 0.049001476
3924.0 0.050000548
3925.0 0.051003623
3926.0 0.052010809
3927.0 0.053021944
3928.0 0.054037137
3929.0 0.055056444
3930.0 0.05607989
3931.0 0.057155638
3932.0 0.058235349
3933.0 0.059318976
3934.0 0.060406521
3935.0 0.061497902
3936.0 0.06259346
3937.0 0.063692613
3938.0 0.064795965
3939.0 0.065903193
3940.0 0.067014281
3941.0 0.068018108
3942.0 0.069026145
3943.0 0.070037566
3944.0 0.071053006
3945.0 0.07207232
3946.0 0.073095498
3947.0 0.074122645
3948.0 0.075153565
3949.0 0.076188483
3950.0 0.077226999
3951.0 0.078414046
3952.0 0.079605156
3953.0 0.080800488
3954.0 0.08200013
3955.0 0.083203746
3956.0 0.084411836
3957.0 0.085624137
3958.0 0.086840458
3959.0 0.088061125
3960.0 0.089286287
3961.0 0.090457222
3962.0 0.091632456
3963.0 0.092812113
3964.0 0.093995577
3965.0 0.095183377
3966.0 0.096375624
3967.0 0.09757172
3968.0 0.098772385
3969.0 0.099977161
3970.0 0.101186052
3971.0 0.102515059
3972.0 0.103848571
3973.0 0.105186509
3974.0 0.106528686
3975.0 0.1078753
3976.0 0.109226474
3977.0 0.110582061
3978.0 0.111942255
3979.0 0.113306449
3980.0 0.114675408
3981.0 0.115902104
3982.0 0.117132727
3983.0 0.118367959
3984.0 0.119607317
3985.0 0.120850498
3986.0 0.122098886
3987.0 0.123350939
3988.0 0.124607482
3989.0 0.125868319
3990.0 0.127133488
3991.0 0.12834197
3992.0 0.129554171
3993.0 0.130769901
3994.0 0.131989711
3995.0 0.133213095
3996.0 0.1344404
3997.0 0.135671107
3998.0 0.136906112
3999.0 0.138144508
4000.0 0.139386345
4001.0 0.140359057
4002.0 0.141333569
4003.0 0.142309895
4004.0 0.143288026
4005.0 0.144267794
4006.0 0.145249164
4007.0 0.146232521
4008.0 0.147217882
4009.0 0.14820524
4010.0 0.149194253
4011.0 0.150173104
4012.0 0.15115404
4013.0 0.152136441
4014.0 0.153120733
4015.0 0.154106707
4016.0 0.155094351
4017.0 0.156083291
4018.0 0.157074303
4019.0 0.158066829
4020.0 0.159061438
4021.0 0.160008469
4022.0 0.160957501
4023.0 0.161908123
4024.0 0.162860942
4025.0 0.16381538
4026.0 0.164771577
4027.0 0.165729598
4028.0 0.166689212
4029.0 0.167651017
4030.0 0.168614444
4031.0 0.169876366
4032.0 0.171140651
4033.0 0.172407129
4034.0 0.173675508
4035.0 0.174946339
4036.0 0.176219509
4037.0 0.17749447
4038.0 0.178771786
4039.0 0.180051532
4040.0 0.181333223
4041.0 0.182560253
4042.0 0.183789586
4043.0 0.185020301
4044.0 0.186253315
4045.0 0.18748823
4046.0 0.188724522
4047.0 0.189962889
4048.0 0.191203383
4049.0 0.192445726
4050.0 0.193689438
4051.0 0.195170755
4052.0 0.196653826
4053.0 0.198139139
4054.0 0.199625972
4055.0 0.201115112
4056.0 0.202606753
4057.0 0.204099913
4058.0 0.205595585
4059.0 0.207092545
4060.0 0.208591474
4061.0 0.209678694
4062.0 0.210766459
4063.0 0.211856345
4064.0 0.212947601
4065.0 0.214040756
4066.0 0.215135232
4067.0 0.216231612
4068.0 0.217329094
4069.0 0.218428719
4070.0 0.219529987
4071.0 0.220572829
4072.0 0.221617277
4073.0 0.222662816
4074.0 0.22371053
4075.0 0.224759576
4076.0 0.2258114
4077.0 0.226863705
4078.0 0.227917674
4079.0 0.228973256
4080.0 0.230030736
4081.0 0.230500453
4082.0 0.230970075
4083.0 0.231440565
4084.0 0.231911262
4085.0 0.232382774
4086.0 0.232854817
4087.0 0.233327408
4088.0 0.233800836
4089.0 0.234274201
4090.0 0.234748964
4091.0 0.235338128
4092.0 0.235928357
4093.0 0.236518943
4094.0 0.237111146
4095.0 0.237703469
4096.0 0.238295873
4097.0 0.238890194
4098.0 0.239484633
4099.0 0.240079463
4100.0 0.240675332
4101.0 0.241196759
4102.0 0.241718965
4103.0 0.24224143
4104.0 0.242764378
4105.0 0.243288164
4106.0 0.243811777
4107.0 0.244336248
4108.0 0.244861541
4109.0 0.245387601
4110.0 0.245913542
4111.0 0.246658681
4112.0 0.2474054
4113.0 0.248152979
4114.0 0.24890119
4115.0 0.249650259
4116.0 0.250400575
4117.0 0.251151482
4118.0 0.251902901
4119.0 0.252656559
4120.0 0.253409858
4121.0 0.254115187
4122.0 0.254821137
4123.0 0.255527413
4124.0 0.256235055
4125.0 0.256942274
4126.0 0.257650507
4127.0 0.258359696
4128.0 0.259069527
4129.0 0.259780319
4130.0 0.260491134
4131.0 0.261401981
4132.0 0.262314417
4133.0 0.263227074
4134.0 0.264141264
4135.0 0.265055367
4136.0 0.265971312
4137.0 0.266887552
4138.0 0.267805316
4139.0 0.268722961
4140.0 0.269642834
4141.0 0.270107335
4142.0 0.270573003
4143.0 0.271038576
4144.0 0.271504632
4145.0 0.27197188
4146.0 0.272438988
4147.0 0.272907333
4148.0 0.273375872
4149.0 0.273844582
4150.0 0.274314198
4151.0 0.274704981
4152.0 0.275095004
4153.0 0.27548597
4154.0 0.27587613
4155.0 0.276267932
4156.0 0.276659307
4157.0 0.277050952
4158.0 0.277443503
4159.0 0.277834924
4160.0 0.278227294
4161.0 0.278134668
4162.0 0.278041814
4163.0 0.277948157
4164.0 0.277854888
4165.0 0.277761092
4166.0 0.277667067
4167.0 0.277573619
4168.0 0.27747922
4169.0 0.277384211
4170.0 0.277290075
4171.0 0.277451573
4172.0 0.277614484
4173.0 0.277776433
4174.0 0.277938776
4175.0 0.278100517
4176.0 0.278262971
4177.0 0.278425459
4178.0 0.278587684
4179.0 0.278750347
4180.0 0.278912661
4181.0 0.278835197
4182.0 0.278757412
4183.0 0.278679156
4184.0 0.278600984
4185.0 0.278522617
4186.0 0.278444057
4187.0 0.278365302
4188.0 0.278285887
4189.0 0.278207379
4190.0 0.278126897
4191.0 0.278644047
4192.0 0.279161417
4193.0 0.279679367
4194.0 0.28019758
4195.0 0.280714964
4196.0 0.281234063
4197.0 0.281752246
4198.0 0.282271419
4199.0 0.282790855
4200.0 0.283310487
4201.0 0.283645915
4202.0 0.283981137
4203.0 0.284317601
4204.0 0.284653493
4205.0 0.284990001
4206.0 0.285326194
4207.0 0.28566331
4208.0 0.286000198
4209.0 0.286337313
4210.0 0.286674918
4211.0 0.287526917
4212.0 0.288379779
4213.0 0.289233551
4214.0 0.290088104
4215.0 0.290942865
4216.0 0.291797343
4217.0 0.292653357
4218.0 0.293509241
4219.0 0.294366649
4220.0 0.295223902
4221.0 0.295627641
4222.0 0.296031574
4223.0 0.296436422
4224.0 0.29684072
4225.0 0.297245958
4226.0 0.297650191
4227.0 0.298055366
4228.0 0.298461076
4229.0 0.298866958
4230.0 0.299272285
4231.0 0.300091736
4232.0 0.300912623
4233.0 0.301732635
4234.0 0.302553306
4235.0 0.3033739
4236.0 0.304195039
4237.0 0.30501691
4238.0 0.305838727
4239.0 0.306661093
4240.0 0.307483706
4241.0 0.30788923
4242.0 0.308295496
4243.0 0.308702224
4244.0 0.309109063
4245.0 0.309514952
4246.0 0.30992194
4247.0 0.310328283
4248.0 0.310735491
4249.0 0.311142384
4250.0 0.311549411
4251.0 0.312218013
4252.0 0.312885662
4253.0 0.313553472
4254.0 0.314222375
4255.0 0.314891034
4256.0 0.315559518
4257.0 0.31622898
4258.0 0.316898702
4259.0 0.317568562
4260.0 0.318237905
4261.0 0.318401865
4262.0 0.318565869
4263.0 0.318729506
4264.0 0.318892361
4265.0 0.319056522
4266.0 0.319219926
4267.0 0.319384517
4268.0 0.319548349
4269.0 0.319711861
4270.0 0.319876585
4271.0 0.320418678
4272.0 0.320960894
4273.0 0.321504042
4274.0 0.322046164
4275.0 0.322588801
4276.0 0.323131634
4277.0 0.323674986
4278.0 0.324217696
4279.0 0.324762135
4280.0 0.32530514
4281.0 0.32545376
4282.0 0.325602811
4283.0 0.325750953
4284.0 0.325899997
4285.0 0.326048629
4286.0 0.326197593
4287.0 0.326346516
4288.0 0.326494653
4289.0 0.326643943
4290.0 0.326793292
4291.0 0.327216918
4292.0 0.327641083
4293.0 0.328064539
4294.0 0.328488533
4295.0 0.328912592
4296.0 0.329337643
4297.0 0.329761579
4298.0 0.330186786
4299.0 0.330612209
4300.0 0.331036463
4301.0 0.33102639
4302.0 0.331015931
4303.0 0.331005012
4304.0 0.330995218
4305.0 0.330984636
4306.0 0.330974022
4307.0 0.330963752
4308.0 0.330953853
4309.0 0.330943544
4310.0 0.330933605
4311.0 0.331301695
4312.0 0.331670684
4313.0 0.332040247
4314.0 0.332409979
4315.0 0.332779855
4316.0 0.333149825
4317.0 0.333519584
4318.0 0.333889893
4319.0 0.334260754
4320.0 0.334630919
4321.0 0.33466112
4322.0 0.334690451
4323.0 0.334720975
4324.0 0.334751112
4325.0 0.334781118
4326.0 0.334810737
4327.0 0.334840734
4328.0 0.334870319
4329.0 0.334901072
4330.0 0.334930571
4331.0 0.335144246
4332.0 0.335358321
4333.0 0.33557239
4334.0 0.335786453
4335.0 0.336000534
4336.0 0.336214557
4337.0 0.336428138
4338.0 0.336642224
4339.0 0.336856252
4340.0 0.33707071
4341.0 0.337122189
4342.0 0.337173217
4343.0 0.337225103
4344.0 0.337275691
4345.0 0.337327549
4346.0 0.337378905
4347.0 0.337430297
4348.0 0.337481675
4349.0 0.33753345
4350.0 0.337585262
4351.0 0.337836423
4352.0 0.338087184
4353.0 0.338338782
4354.0 0.338590729
4355.0 0.338841917
4356.0 0.339093452
4357.0 0.339345441
4358.0 0.339597366
4359.0 0.339848917
4360.0 0.340099964
4361.0 0.340252982
4362.0 0.340404319
4363.0 0.340556873
4364.0 0.340708546
4365.0 0.340861128
4366.0 0.341012907
4367.0 0.341165464
4368.0 0.341318049
4369.0 0.341470192
4370.0 0.341622753
4371.0 0.341781697
4372.0 0.341939788
4373.0 0.342099108
4374.0 0.342258096
4375.0 0.342416986
4376.0 0.342576351
4377.0 0.342734913
4378.0 0.34289429
4379.0 0.34305417
4380.0 0.343212671
4381.0 0.343291931
4382.0 0.343371158
4383.0 0.343450717
4384.0 0.34353027
4385.0 0.343608927
4386.0 0.34368844
4387.0 0.34376792
4388.0 0.343846949
4389.0 0.343926755
4390.0 0.344005273
4391.0 0.343868451
4392.0 0.343731648
4393.0 0.343594914
4394.0 0.343457624
4395.0 0.343321291
4396.0 0.343184898
4397.0 0.343048497
4398.0 0.34291206
4399.0 0.342774833
4400.0 0.34263885
4401.0 0.342460436
4402.0 0.342281965
4403.0 0.342103854
4404.0 0.341926127
4405.0 0.341747511
4406.0 0.341568838
4407.0 0.341390109
4408.0 0.341212646
4409.0 0.341034139
4410.0 0.340856145
4411.0 0.3409173
4412.0 0.340978413
4413.0 0.341040445
4414.0 0.341102021
4415.0 0.34116314
4416.0 0.341224711
4417.0 0.341286215
4418.0 0.341347314
4419.0 0.341409644
4420.0 0.341470713
4421.0 0.341293616
4422.0 0.341115679
4423.0 0.340937757
4424.0 0.34076024
4425.0 0.34058235
4426.0 0.340404115
4427.0 0.340226645
4428.0 0.34004883
4429.0 0.339870591
4430.0 0.339692834
4431.0 0.339851619
4432.0 0.340010822
4433.0 0.340170006
4434.0 0.340328782
4435.0 0.340487537
4436.0 0.340645832
4437.0 0.340804521
4438.0 0.340964095
4439.0 0.341122355
4440.0 0.341280152
4441.0 0.34138608
4442.0 0.341492802
4443.0 0.341598322
4444.0 0.341703443
4445.0 0.341808943
4446.0 0.341914876
4447.0 0.342020306
4448.0 0.342125778
4449.0 0.342230383
4450.0 0.342336252
4451.0 0.342596854
4452.0 0.342857773
4453.0 0.343118698
4454.0 0.34337908
4455.0 0.343639363
4456.0 0.343899991
4457.0 0.344160154
4458.0 0.344420217
4459.0 0.344680285
4460.0 0.344939807
4461.0 0.34516516
4462.0 0.345388483
4463.0 0.345613499
4464.0 0.345837637
4465.0 0.346061842
4466.0 0.346286114
4467.0 0.346510268
4468.0 0.346734462
4469.0 0.346958724
4470.0 0.347182999
4471.0 0.347453274
4472.0 0.347722952
4473.0 0.347992692
4474.0 0.348262812
4475.0 0.348532862
4476.0 0.348802446
4477.0 0.34907204
4478.0 0.349341909
4479.0 0.349610991
4480.0 0.349880879
4481.0 0.350087021
4482.0 0.350293457
4483.0 0.350499869
4484.0 0.350705324
4485.0 0.350911553
4486.0 0.351117304
4487.0 0.351322977
4488.0 0.351528998
4489.0 0.35173366
4490.0 0.351939498
4491.0 0.352175894
4492.0 0.35241309
4493.0 0.352649481
4494.0 0.352886218
4495.0 0.353121639
4496.0 0.353359121
4497.0 0.353594912
4498.0 0.353831075
4499.0 0.354067665
4500.0 0.354303015
4501.0 0.354345531
4502.0 0.354387666
4503.0 0.354429716
4504.0 0.354470954
4505.0 0.354513345
4506.0 0.354554439
4507.0 0.354596417
4508.0 0.354637906
4509.0 0.354679418
4510.0 0.354720817
4511.0 0.354854933
4512.0 0.354988547
4513.0 0.355122654
4514.0 0.355256554
4515.0 0.355390112
4516.0 0.355524029
4517.0 0.355658307
4518.0 0.355790838
4519.0 0.355924161
4520.0 0.35605787
4521.0 0.35602205
4522.0 0.355987114
4523.0 0.355952142
4524.0 0.35591673
4525.0 0.355881768
4526.0 0.355846772
4527.0 0.355811335
4528.0 0.355775998
4529.0 0.35574049
4530.0 0.355705461
4531.0 0.355626673
4532.0 0.355547829
4533.0 0.355468605
4534.0 0.355389325
4535.0 0.355310474
4536.0 0.355231621
4537.0 0.355152389
4538.0 0.355072696
4539.0 0.35499381
4540.0 0.354915002
4541.0 0.354812063
4542.0 0.354711296
4543.0 0.354610115
4544.0 0.354507607
4545.0 0.354405897
4546.0 0.354303371
4547.0 0.3542021
4548.0 0.354099583
4549.0 0.35399832
4550.0 0.353895758
4551.0 0.353630207
4552.0 0.353364185
4553.0 0.35309882
4554.0 0.352833439
4555.0 0.352567616
4556.0 0.352301994
4557.0 0.352037265
4558.0 0.351771694
4559.0 0.35150619
4560.0 0.351240833
4561.0 0.351116196
4562.0 0.350990298
4563.0 0.350865589
4564.0 0.350740578
4565.0 0.350615
4566.0 0.350489492
4567.0 0.350364826
4568.0 0.350238796
4569.0 0.350113315
4570.0 0.349988117
4571.0 0.349702596
4572.0 0.349417126
4573.0 0.349130912
4574.0 0.348846444
4575.0 0.348560255
4576.0 0.348274963
4577.0 0.34798938
4578.0 0.347704191
4579.0 0.347419133
4580.0 0.347133204
4581.0 0.347126702
4582.0 0.347119766
4583.0 0.347113658
4584.0 0.347107062
4585.0 0.347100505
4586.0 0.347093934
4587.0 0.347086929
4588.0 0.347079936
4589.0 0.347073245
4590.0 0.347066198
4591.0 0.346981522
4592.0 0.346897186
4593.0 0.346813345
4594.0 0.346728134
4595.0 0.346644732
4596.0 0.34656004
4597.0 0.346475265
4598.0 0.346390513
4599.0 0.34630581
4600.0 0.346221471
4601.0 0.346562141
4602.0 0.346902307
4603.0 0.347242388
4604.0 0.347582015
4605.0 0.347922033
4606.0 0.348261543
4607.0 0.348600545
4608.0 0.34894036
4609.0 0.349279719
4610.0 0.349619841
4611.0 0.349570556
4612.0 0.349520786
4613.0 0.349471087
4614.0 0.349421777
4615.0 0.349372883
4616.0 0.349323583
4617.0 0.349273348
4618.0 0.349224482
4619.0 0.349174708
4620.0 0.349124952
4621.0 0.349530174
4622.0 0.349934996
4623.0 0.350340744
4624.0 0.350746356
4625.0 0.351150743
4626.0 0.351556857
4627.0 0.351960836
4628.0 0.352365611
4629.0 0.35277129
4630.0 0.353176112
4631.0 0.35345933
4632.0 0.353743007
4633.0 0.354025159
4634.0 0.354309085
4635.0 0.354592022
4636.0 0.354874049
4637.0 0.355156885
4638.0 0.35543959
4639.0 0.355721329
4640.0 0.35600431
4641.0 0.356181432
4642.0 0.356358005
4643.0 0.356535054
4644.0 0.356711553
4645.0 0.356889447
4646.0 0.357065846
4647.0 0.357242315
4648.0 0.357419126
4649.0 0.357595927
4650.0 0.357772719
4651.0 0.357914362
4652.0 0.358056907
4653.0 0.358198973
4654.0 0.358340206
4655.0 0.358482694
4656.0 0.358624269
4657.0 0.358766258
4658.0 0.358907875
4659.0 0.359050234
4660.0 0.359191705
4661.0 0.359545694
4662.0 0.359898734
4663.0 0.360252157
4664.0 0.36060561
4665.0 0.360958984
4666.0 0.361312797
4667.0 0.361665684
4668.0 0.362018626
4669.0 0.3623719
4670.0 0.362725231
4671.0 0.362743599
4672.0 0.362762016
4673.0 0.362780401
4674.0 0.362798424
4675.0 0.362816827
4676.0 0.362835636
4677.0 0.36285359
4678.0 0.362872445
4679.0 0.362889949
4680.0 0.362908355
4681.0 0.362728664
4682.0 0.362550305
4683.0 0.362371602
4684.0 0.362191487
4685.0 0.362012784
4686.0 0.361833219
4687.0 0.361654078
4688.0 0.361474951
4689.0 0.3612954
4690.0 0.361116328
4691.0 0.36101944
4692.0 0.360922094
4693.0 0.360826119
4694.0 0.360728839
4695.0 0.360632412
4696.0 0.360535117
4697.0 0.360438266
4698.0 0.36034142
4699.0 0.36024458
4700.0 0.360147338
4701.0 0.360108894
4702.0 0.360069577
4703.0 0.360030611
4704.0 0.359992216
4705.0 0.359953273
4706.0 0.359914383
4707.0 0.359875491
4708.0 0.359836161
4709.0 0.359796775
4710.0 0.359757413
4711.0 0.359946342
4712.0 0.360135692
4713.0 0.360324918
4714.0 0.360514567
4715.0 0.360703221
4716.0 0.360891368
4717.0 0.361079883
4718.0 0.361267455
4719.0 0.361455394
4720.0 0.361643728
4721.0 0.361315909
4722.0 0.360988563
4723.0 0.360661225
4724.0 0.360333486
4725.0 0.3600066
4726.0 0.359678389
4727.0 0.359349752
4728.0 0.359022023
4729.0 0.358694736
4730.0 0.358367023
4731.0 0.358390194
4732.0 0.358413822
4733.0 0.35843796
4734.0 0.358462041
4735.0 0.35848479
4736.0 0.358508836
4737.0 0.358532526
4738.0 0.358556076
4739.0 0.358579325
4740.0 0.358602867
4741.0 0.358482297
4742.0 0.358361257
4743.0 0.358240317
4744.0 0.358120208
4745.0 0.357998357
4746.0 0.357877391
4747.0 0.357756876
4748.0 0.357635595
4749.0 0.357514685
4750.0 0.35739382
4751.0 0.357769388
4752.0 0.358144632
4753.0 0.358519794
4754.0 0.358895063
4755.0 0.359270305
4756.0 0.359646035
4757.0 0.360021819
4758.0 0.360396296
4759.0 0.360771643
4760.0 0.361146607
4761.0 0.361087651
4762.0 0.361028645
4763.0 0.360969698
4764.0 0.360910264
4765.0 0.360850424
4766.0 0.36079149
4767.0 0.360732068
4768.0 0.360672269
4769.0 0.360613293
4770.0 0.360553503
4771.0 0.360964681
4772.0 0.361376806
4773.0 0.36178794
4774.0 0.362199175
4775.0 0.362610867
4776.0 0.363023017
4777.0 0.363434391
4778.0 0.363846114
4779.0 0.364257884
4780.0 0.364669204
4781.0 0.36456647
4782.0 0.364463773
4783.0 0.3643615
4784.0 0.364258328
4785.0 0.364155195
4786.0 0.364052952
4787.0 0.363949839
4788.0 0.363847122
4789.0 0.363744497
4790.0 0.363641855
4791.0 0.36371001
4792.0 0.363778131
4793.0 0.363846192
4794.0 0.36391477
4795.0 0.363982407
4796.0 0.364050093
4797.0 0.364118626
4798.0 0.364186246
4799.0 0.364254768
4800.0 0.364322844
4801.0 0.364287648
4802.0 0.364251514
4803.0 0.36421582
4804.0 0.36418106
4805.0 0.364144868
4806.0 0.364109253
4807.0 0.364074022
4808.0 0.364038322
4809.0 0.364003529
4810.0 0.363967826
4811.0 0.364015878
4812.0 0.364064836
4813.0 0.364113324
4814.0 0.364161921
4815.0 0.364211314
4816.0 0.364259797
4817.0 0.364308747
4818.0 0.364357282
4819.0 0.364406173
4820.0 0.364454732
4821.0 0.364192686
4822.0 0.363930085
4823.0 0.363667864
4824.0 0.363405749
4825.0 0.363142641
4826.0 0.362879913
4827.0 0.362618552
4828.0 0.36235576
4829.0 0.362092554
4830.0 0.361830192
4831.0 0.361818806
4832.0 0.361806071
4833.0 0.361794229
4834.0 0.361781067
4835.0 0.36176877
4836.0 0.361756437
4837.0 0.361743712
4838.0 0.36173046
4839.0 0.361718564
4840.0 0.361706715
4841.0 0.361527933
4842.0 0.361349194
4843.0 0.36117145
4844.0 0.360993175
4845.0 0.36081456
4846.0 0.360636286
4847.0 0.360458108
4848.0 0.360279046
4849.0 0.360101766
4850.0 0.359923576
4851.0 0.359982034
4852.0 0.360040889
4853.0 0.360100224
4854.0 0.360159058
4855.0 0.360217012
4856.0 0.360275826
4857.0 0.360335119
4858.0 0.360393939
4859.0 0.360452749
4860.0 0.360511494
4861.0 0.360312523
4862.0 0.360114417
4863.0 0.359915734
4864.0 0.359717073
4865.0 0.359518352
4866.0 0.35931911
4867.0 0.359120622
4868.0 0.358921722
4869.0 0.358722761
4870.0 0.358523687
4871.0 0.358512183
4872.0 0.35850019
4873.0 0.358489143
4874.0 0.358477554
4875.0 0.358466505
4876.0 0.358454967
4877.0 0.358443428
4878.0 0.358431482
4879.0 0.358420374
4880.0 0.358409292
4881.0 0.358411936
4882.0 0.358414145
4883.0 0.358417704
4884.0 0.35842034
4885.0 0.358422568
4886.0 0.358425659
4887.0 0.358428693
4888.0 0.358431373
4889.0 0.358433564
4890.0 0.358437076
4891.0 0.358638247
4892.0 0.358839775
4893.0 0.359041851
4894.0 0.359243471
4895.0 0.359445586
4896.0 0.359647354
4897.0 0.359848585
4898.0 0.360051261
4899.0 0.360253128
4900.0 0.360454919
4901.0 0.360614263
4902.0 0.360772733
4903.0 0.360930709
4904.0 0.361089608
4905.0 0.361248531
4906.0 0.361407368
4907.0 0.361565767
4908.0 0.361723806
4909.0 0.361883098
4910.0 0.36204154
4911.0 0.362434375
4912.0 0.36282734
4913.0 0.363221202
4914.0 0.363614209
4915.0 0.364007264
4916.0 0.364399955
4917.0 0.364794921
4918.0 0.365187708
4919.0 0.365580982
4920.0 0.365975216
4921.0 0.365943441
4922.0 0.365911274
4923.0 0.365879046
4924.0 0.365846812
4925.0 0.36581551
4926.0 0.365783319
4927.0 0.365751039
4928.0 0.365718808
4929.0 0.36568795
4930.0 0.36565568
4931.0 0.365651854
4932.0 0.365647984
4933.0 0.365644483
4934.0 0.36564058
4935.0 0.365637046
4936.0 0.365633054
4937.0 0.365629101
4938.0 0.365625628
4939.0 0.365622027
4940.0 0.365617583
4941.0 0.365832681
4942.0 0.36604787
4943.0 0.366262654
4944.0 0.366477419
4945.0 0.366692275
4946.0 0.366908964
4947.0 0.367123477
4948.0 0.367337942
4949.0 0.367553412
4950.0 0.36776842
4951.0 0.367789528
4952.0 0.367810686
4953.0 0.367830866
4954.0 0.367851484
4955.0 0.367872538
4956.0 0.36789317
4957.0 0.367914267
4958.0 0.367934415
4959.0 0.367955471
4960.0 0.367976521
4961.0 0.367983834
4962.0 0.367990585
4963.0 0.367998296
4964.0 0.3680055
4965.0 0.368012778
4966.0 0.368020464
4967.0 0.368027669
4968.0 0.368034865
4969.0 0.368042523
4970.0 0.368049702
4971.0 0.368047704
4972.0 0.368044762
4973.0 0.368042622
4974.0 0.368040093
4975.0 0.368037561
4976.0 0.368034473
4977.0 0.368032825
4978.0 0.368030121
4979.0 0.368026945
4980.0 0.368024293
4981.0 0.36803793
4982.0 0.368051091
4983.0 0.368064332
4984.0 0.368077514
4985.0 0.368090748
4986.0 0.368103895
4987.0 0.368117122
4988.0 0.368130289
4989.0 0.368144396
4990.0 0.368157113
4991.0 0.368293097
4992.0 0.368429513
4993.0 0.368566473
4994.0 0.36870295
4995.0 0.36883897
4996.0 0.368975924
4997.0 0.369112506
4998.0 0.36924863
4999.0 0.369384716
5000.0 0.369521707
5001.0 0.369222112
5002.0 0.368921464
5003.0 0.368621266
5004.0 0.368320158
5005.0 0.368019416
5006.0 0.367719039
5007.0 0.367418225
5008.0 0.367118244
5009.0 0.366817274
5010.0 0.366516308
5011.0 0.366517748
5012.0 0.366518725
5013.0 0.366520094
5014.0 0.366521993
5015.0 0.366523788
5016.0 0.366526003
5017.0 0.366526898
5018.0 0.36652769
5019.0 0.366529894
5020.0 0.366530725
5021.0 0.366317668
5022.0 0.366104537
5023.0 0.365892377
5024.0 0.365679178
5025.0 0.365466398
5026.0 0.365252664
5027.0 0.365039349
5028.0 0.364826426
5029.0 0.364612522
5030.0 0.364399065
5031.0 0.364275621
5032.0 0.364152106
5033.0 0.364029506
5034.0 0.363905929
5035.0 0.363782718
5036.0 0.363658614
5037.0 0.363534439
5038.0 0.363411642
5039.0 0.363287323
5040.0 0.36316307
5041.0 0.362727454
5042.0 0.362290322
5043.0 0.361853477
5044.0 0.361417
5045.0 0.360979909
5046.0 0.360542587
5047.0 0.360105658
5048.0 0.359668091
5049.0 0.359229969
5050.0 0.358792103
5051.0 0.35895137
5052.0 0.359109872
5053.0 0.359269202
5054.0 0.359428092
5055.0 0.359586621
5056.0 0.359745114
5057.0 0.359904545
5058.0 0.360063155
5059.0 0.360222107
5060.0 0.360381566
5061.0 0.360265124
5062.0 0.360148033
5063.0 0.360032351
5064.0 0.359915587
5065.0 0.359798878
5066.0 0.359681601
5067.0 0.359565192
5068.0 0.359447863
5069.0 0.359330482
5070.0 0.359213453
5071.0 0.359483103
5072.0 0.35975191
5073.0 0.360020713
5074.0 0.360290054
5075.0 0.360559309
5076.0 0.360828208
5077.0 0.361097563
5078.0 0.361367867
5079.0 0.36163678
5080.0 0.361905743
5081.0 0.361729996
5082.0 0.361554073
5083.0 0.361377673
5084.0 0.361201803
5085.0 0.361026244
5086.0 0.36084983
5087.0 0.360673267
5088.0 0.360496716
5089.0 0.36032102
5090.0 0.360144821
5091.0 0.360238159
5092.0 0.360331937
5093.0 0.360425722
5094.0 0.360519512
5095.0 0.360612442
5096.0 0.360706299
5097.0 0.360800542
5098.0 0.360894331
5099.0 0.360988234
5100.0 0.361081166
5101.0 0.361331779
5102.0 0.361582445
5103.0 0.361833107
5104.0 0.362083467
5105.0 0.362333797
5106.0 0.362585131
5107.0 0.362836054
5108.0 0.363086564
5109.0 0.36333718
5110.0 0.363587765
5111.0 0.363711922
5112.0 0.363835238
5113.0 0.363958504
5114.0 0.364082214
5115.0 0.364205958
5116.0 0.364329734
5117.0 0.364453052
5118.0 0.36457632
5119.0 0.364699648
5120.0 0.364822982
5121.0 0.364768048
5122.0 0.364713059
5123.0 0.364657988
5124.0 0.364602451
5125.0 0.364546886
5126.0 0.364491678
5127.0 0.364436442
5128.0 0.364380686
5129.0 0.36432482
5130.0 0.36426942
5131.0 0.364446169
5132.0 0.364623003
5133.0 0.364800225
5134.0 0.36497704
5135.0 0.365153968
5136.0 0.365330872
5137.0 0.365507807
5138.0 0.365685213
5139.0 0.36586265
5140.0 0.366039707
5141.0 0.36583647
5142.0 0.365633241
5143.0 0.36543076
5144.0 0.365227325
5145.0 0.365023815
5146.0 0.364821162
5147.0 0.364617063
5148.0 0.36441289
5149.0 0.36420908
5150.0 0.364005277
5151.0 0.364013807
5152.0 0.364021958
5153.0 0.364030495
5154.0 0.364038597
5155.0 0.364047112
5156.0 0.364054728
5157.0 0.364063195
5158.0 0.364070789
5159.0 0.364079125
5160.0 0.364086671
5161.0 0.363933454
5162.0 0.363779723
5163.0 0.36362597
5164.0 0.363472114
5165.0 0.363318154
5166.0 0.363164145
5167.0 0.363010061
5168.0 0.362856336
5169.0 0.362702098
5170.0 0.362547349
5171.0 0.362287996
5172.0 0.362028506
5173.0 0.361768446
5174.0 0.361508251
5175.0 0.36124792
5176.0 0.360987455
5177.0 0.36072726
5178.0 0.36046609
5179.0 0.36020438
5180.0 0.359943374
5181.0 0.359619331
5182.0 0.359295655
5183.0 0.358971888
5184.0 0.358647516
5185.0 0.358322569
5186.0 0.357997962
5187.0 0.357673183
5188.0 0.35734842
5189.0 0.357023459
5190.0 0.35669838
5191.0 0.35651546
5192.0 0.35633239
5193.0 0.356148502
5194.0 0.355965373
5195.0 0.355782281
5196.0 0.35559952
5197.0 0.355415888
5198.0 0.355232586
5199.0 0.355049722
5200.0 0.354866414
5201.0 0.354741853
5202.0 0.354616351
5203.0 0.35449063
5204.0 0.354365353
5205.0 0.354239483
5206.0 0.354113925
5207.0 0.353987854
5208.0 0.353862068
5209.0 0.353736167
5210.0 0.353610604
5211.0 0.353606296
5212.0 0.353601074
5213.0 0.353596661
5214.0 0.353591785
5215.0 0.353587745
5216.0 0.353583242
5217.0 0.353578222
5218.0 0.353573189
5219.0 0.353568594
5220.0 0.353564306
5221.0 0.353293897
5222.0 0.353022516
5223.0 0.352751646
5224.0 0.352480995
5225.0 0.352210352
5226.0 0.351939717
5227.0 0.351668534
5228.0 0.351397385
5229.0 0.351126587
5230.0 0.350855296
5231.0 0.351073968
5232.0 0.351292698
5233.0 0.351511014
5234.0 0.351729414
5235.0 0.351948242
5236.0 0.352167077
5237.0 0.352385945
5238.0 0.352604078
5239.0 0.352822984
5240.0 0.353041975
5241.0 0.352866113
5242.0 0.352691001
5243.0 0.352515287
5244.0 0.352339476
5245.0 0.352163989
5246.0 0.351987876
5247.0 0.351811692
5248.0 0.351636227
5249.0 0.351459794
5250.0 0.351283236
5251.0 0.351588412
5252.0 0.351893683
5253.0 0.35219942
5254.0 0.352505226
5255.0 0.352811102
5256.0 0.353116173
5257.0 0.35342179
5258.0 0.353727874
5259.0 0.354034505
5260.0 0.354339426
5261.0 0.35393145
5262.0 0.353523312
5263.0 0.353114615
5264.0 0.352705308
5265.0 0.352297136
5266.0 0.351888353
5267.0 0.351478091
5268.0 0.351068171
5269.0 0.350658934
5270.0 0.350249062
5271.0 0.350155299
5272.0 0.350060543
5273.0 0.34996616
5274.0 0.349870862
5275.0 0.349775964
5276.0 0.349680913
5277.0 0.349585814
5278.0 0.34949148
5279.0 0.349396286
5280.0 0.349300573
5281.0 0.349061076
5282.0 0.348822021
5283.0 0.348582102
5284.0 0.348342992
5285.0 0.348103382
5286.0 0.34786385
5287.0 0.347623742
5288.0 0.347384544
5289.0 0.347144407
5290.0 0.346904737
5291.0 0.346637024
5292.0 0.346367867
5293.0 0.346099498
5294.0 0.345830025
5295.0 0.34556095
5296.0 0.345292015
5297.0 0.34502221
5298.0 0.344752623
5299.0 0.344482915
5300.0 0.34421265
5301.0 0.343736473
5302.0 0.343260117
5303.0 0.342782503
5304.0 0.34230556
5305.0 0.341829363
5306.0 0.341352219
5307.0 0.340875025
5308.0 0.340396864
5309.0 0.339919445
5310.0 0.339441926
5311.0 0.338879921
5312.0 0.338318082
5313.0 0.33775514
5314.0 0.337192288
5315.0 0.336629523
5316.0 0.336065283
5317.0 0.335501535
5318.0 0.334937948
5319.0 0.334372817
5320.0 0.333809074
5321.0 0.333073907
5322.0 0.332339472
5323.0 0.331605291
5324.0 0.330870073
5325.0 0.330134813
5326.0 0.329399806
5327.0 0.328665001
5328.0 0.327929732
5329.0 0.327193486
5330.0 0.32645825
5331.0 0.326077011
5332.0 0.325696454
5333.0 0.325314966
5334.0 0.324933307
5335.0 0.32455201
5336.0 0.324169326
5337.0 0.323788169
5338.0 0.323406475
5339.0 0.323024609
5340.0 0.322641893
5341.0 0.322230281
5342.0 0.321819704
5343.0 0.321408183
5344.0 0.320995985
5345.0 0.320584145
5346.0 0.320172493
5347.0 0.319759878
5348.0 0.319346662
5349.0 0.318934519
5350.0 0.318520962
5351.0 0.318513861
5352.0 0.318506736
5353.0 0.31849916
5354.0 0.318491608
5355.0 0.318483986
5356.0 0.318476723
5357.0 0.318469103
5358.0 0.318461437
5359.0 0.318453748
5360.0 0.318445631
5361.0 0.318246343
5362.0 0.318046916
5363.0 0.317847827
5364.0 0.317647812
5365.0 0.317448159
5366.0 0.31724763
5367.0 0.317048174
5368.0 0.316848223
5369.0 0.316648133
5370.0 0.316446838
5371.0 0.31699591
5372.0 0.317545863
5373.0 0.318095107
5374.0 0.318644424
5375.0 0.319193837
5376.0 0.319743348
5377.0 0.320292979
5378.0 0.320842346
5379.0 0.32139217
5380.0 0.321942043
5381.0 0.322506114
5382.0 0.323071405
5383.0 0.323636079
5384.0 0.324200959
5385.0 0.324766409
5386.0 0.325331603
5387.0 0.325896953
5388.0 0.326463218
5389.0 0.32702849
5390.0 0.327594311
5391.0 0.328659331
5392.0 0.329723015
5393.0 0.330788071
5394.0 0.331852598
5395.0 0.33291766
5396.0 0.333982986
5397.0 0.335047747
5398.0 0.336113471
5399.0 0.337179005
5400.0 0.338244774
5401.0 0.338695454
5402.0 0.339146272
5403.0 0.339596874
5404.0 0.340047588
5405.0 0.340498007
5406.0 0.340949482
5407.0 0.341400559
5408.0 0.34185098
5409.0 0.342302818
5410.0 0.342753897
5411.0 0.343154359
5412.0 0.343555749
5413.0 0.343956862
5414.0 0.344357592
5415.0 0.344759306
5416.0 0.345160302
5417.0 0.345561377
5418.0 0.345962947
5419.0 0.346363017
5420.0 0.346764826
5421.0 0.346239874
5422.0 0.345716587
5423.0 0.345192321
5424.0 0.344667465
5425.0 0.344141585
5426.0 0.3436161
5427.0 0.343091751
5428.0 0.342565944
5429.0 0.342040066
5430.0 0.341514476
5431.0 0.340878606
5432.0 0.34024256
5433.0 0.339605905
5434.0 0.338969406
5435.0 0.338332273
5436.0 0.337694916
5437.0 0.337058114
5438.0 0.336419851
5439.0 0.335781841
5440.0 0.335143581
5441.0 0.3331502
5442.0 0.331155541
5443.0 0.329161642
5444.0 0.327165713
5445.0 0.325170143
5446.0 0.323174096
5447.0 0.321177957
5448.0 0.319180262
5449.0 0.317182457
5450.0 0.31518463
5451.0 0.312378052
5452.0 0.309569412
5453.0 0.306761129
5454.0 0.303951261
5455.0 0.301140502
5456.0 0.298328922
5457.0 0.295516829
5458.0 0.292703536
5459.0 0.28988942
5460.0 0.287074439
5461.0 0.282422867
5462.0 0.277770508
5463.0 0.273117606
5464.0 0.268463544
5465.0 0.263808319
5466.0 0.259152609
5467.0 0.25449613
5468.0 0.249838449
5469.0 0.245179973
5470.0 0.240520647
5471.0 0.23509989
5472.0 0.229676666
5473.0 0.224252209
5474.0 0.218825363
5475.0 0.213396936
5476.0 0.20796621
5477.0 0.202533872
5478.0 0.19709951
5479.0 0.19166357
5480.0 0.186226035
5481.0 0.180332557
5482.0 0.174438577
5483.0 0.168544369
5484.0 0.162648851
5485.0 0.156752639
5486.0 0.15085594
5487.0 0.144958592
5488.0 0.139060549
5489.0 0.133161475
5490.0 0.127261922
5491.0 0.122490829
5492.0 0.117719199
5493.0 0.112947041
5494.0 0.108174237
5495.0 0.103400934
5496.0 0.098627117
5497.0 0.093852793
5498.0 0.089077977
5499.0 0.084302635
5500.0 0.079526805
5501.0 0.07623876
5502.0 0.072949174
5503.0 0.069658602
5504.0 0.066366577
5505.0 0.063073438
5506.0 0.059778885
5507.0 0.056483135
5508.0 0.053186059
5509.0 0.049887728
5510.0 0.046588187
5511.0 0.044590506
5512.0 0.042592601
5513.0 0.040594682
5514.0 0.038596692
5515.0 0.036598694
5516.0 0.034600532
5517.0 0.032602359
5518.0 0.030604189
5519.0 0.028605812
5520.0 0.026607445
5521.0 0.025494913
5522.0 0.02438213
5523.0 0.023269174
5524.0 0.022156024
5525.0 0.021042675
5526.0 0.019929103
5527.0 0.018815365
5528.0 0.017701402
5529.0 0.016587247
5530.0 0.015472896
5531.0 0.014850821
5532.0 0.014228626
5533.0 0.013606368
5534.0 0.012983958
5535.0 0.012361449
5536.0 0.011738871
5537.0 0.01111618
5538.0 0.010493391
5539.0 0.009870477
5540.0 0.009247491
5541.0 0.008889945
5542.0 0.008532399
5543.0 0.008174831
5544.0 0.007817251
5545.0 0.007459658
5546.0 0.007102039
5547.0 0.006744424
5548.0 0.0063868
5549.0 0.006029149
5550.0 0.005671509
5551.0 0.005476495
5552.0 0.005281418
5553.0 0.005086279
5554.0 0.004891072
5555.0 0.004695809
5556.0 0.004500494
5557.0 0.004305105
5558.0 0.00410965
5559.0 0.003914136
5560.0 0.003718552
5561.0 0.003598128
5562.0 0.003477688
5563.0 0.003357236
5564.0 0.003236773
5565.0 0.003116298
5566.0 0.002995804
5567.0 0.002875309
5568.0 0.002754793
5569.0 0.002634268
5570.0 0.002513736
5571.0 0.002488521
5572.0 0.00246331
5573.0 0.002438098
5574.0 0.002412888
5575.0 0.002387676
5576.0 0.002362475
5577.0 0.002337265
5578.0 0.002312061
5579.0 0.002286853
5580.0 0.002261649
5581.0 0.002236646
5582.0 0.002211636
5583.0 0.002186627
5584.0 0.002161616
5585.0 0.002136594
5586.0 0.002111575
5587.0 0.00208655
5588.0 0.002061523
5589.0 0.002036492
5590.0 0.002011462
5591.0 0.00197761
5592.0 0.001943752
5593.0 0.001909887
5594.0 0.001876014
5595.0 0.001842129
5596.0 0.001808233
5597.0 0.001774332
5598.0 0.00174042
5599.0 0.001706495
5600.0 0.001672566
5601.0 0.001638597
5602.0 0.001604621
5603.0 0.001570636
5604.0 0.001536645
5605.0 0.001502646
5606.0 0.001468635
5607.0 0.001434621
5608.0 0.001400596
5609.0 0.001366566
5610.0 0.001332524
5611.0 0.00129853
5612.0 0.001264525
5613.0 0.001230509
5614.0 0.001196481
5615.0 0.001162446
5616.0 0.001128399
5617.0 0.001094339
5618.0 0.001060274
5619.0 0.001026194
5620.0 0.000992106
5621.0 0.0009579
5622.0 0.000923695
5623.0 0.000889485
5624.0 0.000855274
5625.0 0.000821059
5626.0 0.000786843
5627.0 0.000752623
5628.0 0.000718401
5629.0 0.000684177
5630.0 0.000649949
5631.0 0.000642053
5632.0 0.000634158
5633.0 0.00062626
5634.0 0.000618361
5635.0 0.000610462
5636.0 0.000602561
5637.0 0.000594658
5638.0 0.000586755
5639.0 0.000578848
5640.0 0.000570942
5641.0 0.000563049
5642.0 0.000555156
5643.0 0.000547262
5644.0 0.000539364
5645.0 0.000531464
5646.0 0.000523564
5647.0 0.00051566
5648.0 0.000507756
5649.0 0.00049985
5650.0 0.000491943
5651.0 0.000484017
5652.0 0.00047609
5653.0 0.000468161
5654.0 0.000460232
5655.0 0.000452301
5656.0 0.000444369
5657.0 0.000436436
5658.0 0.000428502
5659.0 0.000420567
5660.0 0.00041263
5661.0 0.000404702
5662.0 0.000396773
5663.0 0.000388843
5664.0 0.00038091
5665.0 0.000372977
5666.0 0.000365041
5667.0 0.000357104
5668.0 0.000349165
5669.0 0.000341224
5670.0 0.000333281
5671.0 0.000331038
5672.0 0.000328795
5673.0 0.000326552
5674.0 0.000324307
5675.0 0.000322062
5676.0 0.000319816
5677.0 0.00031757
5678.0 0.000315323
5679.0 0.000313075
5680.0 0.000310827
5681.0 0.000308586
5682.0 0.000306345
5683.0 0.000304102
5684.0 0.000301859
5685.0 0.000299615
5686.0 0.00029737
5687.0 0.000295125
5688.0 0.000292879
5689.0 0.000290631
5690.0 0.000288384
5691.0 0.000286112
5692.0 0.00028384
5693.0 0.000281568
5694.0 0.000279295
5695.0 0.000277023
5696.0 0.000274749
5697.0 0.000272475
5698.0 0.000270201
5699.0 0.000267925
5700.0 0.00026565
5701.0 0.000263396
5702.0 0.000261142
5703.0 0.000258887
5704.0 0.00025663
5705.0 0.000254373
5706.0 0.000252115
5707.0 0.000249857
5708.0 0.000247597
5709.0 0.000245336
5710.0 0.000243076
5711.0 0.000240276
5712.0 0.000237476
5713.0 0.000234676
5714.0 0.000231874
5715.0 0.000229073
5716.0 0.000226271
5717.0 0.000223468
5718.0 0.000220664
5719.0 0.00021786
5720.0 0.000215055
5721.0 0.000212216
5722.0 0.000209379
5723.0 0.00020654
5724.0 0.000203702
5725.0 0.000200864
5726.0 0.000198027
5727.0 0.00019519
5728.0 0.000192353
5729.0 0.000189516
5730.0 0.00018668
5731.0 0.000183883
5732.0 0.000181084
5733.0 0.000178285
5734.0 0.000175485
5735.0 0.000172684
5736.0 0.000169882
5737.0 0.000167079
5738.0 0.000164275
5739.0 0.00016147
5740.0 0.000158664
5741.0 0.000155827
5742.0 0.000152992
5743.0 0.000150156
5744.0 0.000147319
5745.0 0.000144484
5746.0 0.000141648
5747.0 0.000138812
5748.0 0.000135977
5749.0 0.000133141
5750.0 0.000130305
5751.0 0.000128104
5752.0 0.000125902
5753.0 0.000123698
5754.0 0.000121493
5755.0 0.000119288
5756.0 0.000117081
5757.0 0.000114873
5758.0 0.000112664
5759.0 0.000110454
5760.0 0.000108243
5761.0 0.000106005
5762.0 0.000103768
5763.0 0.000101531
5764.0 9.93e-05
5765.0 9.71e-05
5766.0 9.48e-05
5767.0 9.26e-05
5768.0 9.03e-05
5769.0 8.81e-05
5770.0 8.59e-05
5771.0 8.36e-05
5772.0 8.14e-05
5773.0 7.92e-05
5774.0 7.7e-05
5775.0 7.47e-05
5776.0 7.25e-05
5777.0 7.03e-05
5778.0 6.81e-05
5779.0 6.58e-05
5780.0 6.36e-05
5781.0 6.14e-05
5782.0 5.91e-05
5783.0 5.69e-05
5784.0 5.46e-05
5785.0 5.24e-05
5786.0 5.02e-05
