7776.0 5.07e-05
7777.0 5.15e-05
7778.0 5.22e-05
7779.0 5.3e-05
7780.0 5.38e-05
7781.0 5.46e-05
7782.0 5.53e-05
7783.0 5.61e-05
7784.0 5.69e-05
7785.0 5.77e-05
7786.0 5.84e-05
7787.0 5.92e-05
7788.0 6e-05
7789.0 6.08e-05
7790.0 6.15e-05
7791.0 6.23e-05
7792.0 6.31e-05
7793.0 6.38e-05
7794.0 6.46e-05
7795.0 6.54e-05
7796.0 6.61e-05
7797.0 6.69e-05
7798.0 6.77e-05
7799.0 6.84e-05
7800.0 6.92e-05
7801.0 7.07e-05
7802.0 7.23e-05
7803.0 7.38e-05
7804.0 7.54e-05
7805.0 7.69e-05
7806.0 7.85e-05
7807.0 8e-05
7808.0 8.16e-05
7809.0 8.31e-05
7810.0 8.47e-05
7811.0 8.62e-05
7812.0 8.77e-05
7813.0 8.93e-05
7814.0 9.08e-05
7815.0 9.23e-05
7816.0 9.38e-05
7817.0 9.53e-05
7818.0 9.69e-05
7819.0 9.84e-05
7820.0 9.99e-05
7821.0 0.000101415
7822.0 0.000102937
7823.0 0.000104458
7824.0 0.000105978
7825.0 0.000107497
7826.0 0.000109015
7827.0 0.000110531
7828.0 0.000112046
7829.0 0.00011356
7830.0 0.000115073
7831.0 0.000116573
7832.0 0.000118071
7833.0 0.000119568
7834.0 0.000121063
7835.0 0.000122557
7836.0 0.000124049
7837.0 0.00012554
7838.0 0.00012703
7839.0 0.000128518
7840.0 0.000130004
7841.0 0.000133081
7842.0 0.000136157
7843.0 0.000139231
7844.0 0.000142305
7845.0 0.000145376
7846.0 0.000148447
7847.0 0.000151516
7848.0 0.000154583
7849.0 0.00015765
7850.0 0.000160715
7851.0 0.000163725
7852.0 0.000166731
7853.0 0.000169735
7854.0 0.000172735
7855.0 0.000175731
7856.0 0.000178725
7857.0 0.000181715
7858.0 0.000184701
7859.0 0.000187684
7860.0 0.000190664
7861.0 0.000193691
7862.0 0.000196715
7863.0 0.000199738
7864.0 0.000202758
7865.0 0.000205777
7866.0 0.000208794
7867.0 0.000211809
7868.0 0.000214822
7869.0 0.000217834
7870.0 0.000220844
7871.0 0.000223827
7872.0 0.000226808
7873.0 0.000229787
7874.0 0.000232763
7875.0 0.000235737
7876.0 0.000238709
7877.0 0.000241677
7878.0 0.000244644
7879.0 0.000247608
7880.0 0.000250569
7881.0 0.000256619
7882.0 0.000262665
7883.0 0.000268706
7884.0 0.000274743
7885.0 0.000280776
7886.0 0.000286804
7887.0 0.000292828
7888.0 0.000298847
7889.0 0.000304862
7890.0 0.000310873
7891.0 0.00031687
7892.0 0.000322863
7893.0 0.000328851
7894.0 0.000334835
7895.0 0.000340814
7896.0 0.000346788
7897.0 0.000352757
7898.0 0.000358722
7899.0 0.000364682
7900.0 0.000370637
7901.0 0.000376577
7902.0 0.000382513
7903.0 0.000388443
7904.0 0.000394368
7905.0 0.000400289
7906.0 0.000406205
7907.0 0.000412115
7908.0 0.000418021
7909.0 0.000423921
7910.0 0.000429816
7911.0 0.000435689
7912.0 0.000441555
7913.0 0.000447416
7914.0 0.000453273
7915.0 0.000459123
7916.0 0.000464967
7917.0 0.000470807
7918.0 0.000476641
7919.0 0.000482468
7920.0 0.000488291
7921.0 0.000500413
7922.0 0.000512526
7923.0 0.000524629
7924.0 0.000536724
7925.0 0.000548809
7926.0 0.000560884
7927.0 0.00057295
7928.0 0.000585009
7929.0 0.000597056
7930.0 0.000609097
7931.0 0.000621156
7932.0 0.000633208
7933.0 0.000645252
7934.0 0.000657287
7935.0 0.000669315
7936.0 0.000681335
7937.0 0.000693345
7938.0 0.000705351
7939.0 0.000717347
7940.0 0.000729333
7941.0 0.000741177
7942.0 0.000753008
7943.0 0.000764823
7944.0 0.000776631
7945.0 0.000788423
7946.0 0.000800203
7947.0 0.000811973
7948.0 0.000823728
7949.0 0.000835469
7950.0 0.000847201
7951.0 0.000858933
7952.0 0.000870649
7953.0 0.000882357
7954.0 0.00089405
7955.0 0.00090573
7956.0 0.000917403
7957.0 0.00092906
7958.0 0.000940706
7959.0 0.000952338
7960.0 0.000963962
7961.0 0.000989198
7962.0 0.001014411
7963.0 0.001039602
7964.0 0.00106477
7965.0 0.001089917
7966.0 0.001115041
7967.0 0.001140143
7968.0 0.001165222
7969.0 0.001190276
7970.0 0.00121531
7971.0 0.001240357
7972.0 0.001265378
7973.0 0.001290379
7974.0 0.001315364
7975.0 0.001340323
7976.0 0.00136526
7977.0 0.001390179
7978.0 0.001415076
7979.0 0.001439948
7980.0 0.001464803
7981.0 0.001490313
7982.0 0.001515823
7983.0 0.001541338
7984.0 0.001566854
7985.0 0.001592371
7986.0 0.001617887
7987.0 0.001643404
7988.0 0.001668926
7989.0 0.001694448
7990.0 0.001719964
7991.0 0.001745065
7992.0 0.001770153
7993.0 0.001795226
7994.0 0.001820289
7995.0 0.001845342
7996.0 0.001870391
7997.0 0.001895416
7998.0 0.001920438
7999.0 0.001945449
8000.0 0.001970443
8001.0 0.002077556
8002.0 0.002184548
8003.0 0.002291423
8004.0 0.002398169
8005.0 0.002504806
8006.0 0.002611325
8007.0 0.002717721
8008.0 0.002823993
8009.0 0.002930151
8010.0 0.003036193
8011.0 0.003094241
8012.0 0.003152238
8013.0 0.003210193
8014.0 0.003268102
8015.0 0.003325965
8016.0 0.003383786
8017.0 0.003441557
8018.0 0.003499282
8019.0 0.00355696
8020.0 0.003614587
8021.0 0.003680323
8022.0 0.003746018
8023.0 0.00381167
8024.0 0.003877296
8025.0 0.003942874
8026.0 0.004008422
8027.0 0.004073932
8028.0 0.004139411
8029.0 0.004204842
8030.0 0.004270247
8031.0 0.00435316
8032.0 0.004435991
8033.0 0.004518777
8034.0 0.004601495
8035.0 0.004684131
8036.0 0.004766708
8037.0 0.004849225
8038.0 0.004931661
8039.0 0.005014037
8040.0 0.005096345
8041.0 0.005193873
8042.0 0.005291336
8043.0 0.005388719
8044.0 0.005486005
8045.0 0.00558322
8046.0 0.005680371
8047.0 0.005777416
8048.0 0.005874389
8049.0 0.005971273
8050.0 0.006068086
8051.0 0.006170328
8052.0 0.006272522
8053.0 0.006374707
8054.0 0.006476844
8055.0 0.006578972
8056.0 0.006681062
8057.0 0.006783113
8058.0 0.006885147
8059.0 0.00698716
8060.0 0.007089126
8061.0 0.007213923
8062.0 0.007338551
8063.0 0.007462996
8064.0 0.007587306
8065.0 0.007711399
8066.0 0.007835344
8067.0 0.007959133
8068.0 0.008082727
8069.0 0.008206175
8070.0 0.008329453
8071.0 0.008468356
8072.0 0.008607257
8073.0 0.008746093
8074.0 0.008884916
8075.0 0.009023683
8076.0 0.009162396
8077.0 0.009301083
8078.0 0.009439716
8079.0 0.009578352
8080.0 0.009716902
8081.0 0.009929313
8082.0 0.010141573
8083.0 0.01035373
8084.0 0.010565735
8085.0 0.010777606
8086.0 0.010989323
8087.0 0.01120094
8088.0 0.011412384
8089.0 0.01162373
8090.0 0.01183494
8091.0 0.012027712
8092.0 0.01222029
8093.0 0.012412641
8094.0 0.012604764
8095.0 0.012796672
8096.0 0.012988295
8097.0 0.01317977
8098.0 0.013370956
8099.0 0.013561931
8100.0 0.013752679
8101.0 0.014020601
8102.0 0.014288383
8103.0 0.014556157
8104.0 0.014823825
8105.0 0.015091422
8106.0 0.01535894
8107.0 0.015626354
8108.0 0.015893719
8109.0 0.016161025
8110.0 0.016428209
8111.0 0.016654346
8112.0 0.016880213
8113.0 0.017105966
8114.0 0.01733158
8115.0 0.017556976
8116.0 0.017782281
8117.0 0.018007318
8118.0 0.018232269
8119.0 0.018457024
8120.0 0.018681614
8121.0 0.019008786
8122.0 0.019335725
8123.0 0.01966234
8124.0 0.019988657
8125.0 0.020314643
8126.0 0.020640397
8127.0 0.020965797
8128.0 0.021290962
8129.0 0.021615796
8130.0 0.021940303
8131.0 0.022224562
8132.0 0.022508621
8133.0 0.022792404
8134.0 0.023075911
8135.0 0.023359254
8136.0 0.023642248
8137.0 0.023925154
8138.0 0.024207667
8139.0 0.024490093
8140.0 0.024772175
8141.0 0.025163466
8142.0 0.025554345
8143.0 0.025944771
8144.0 0.02633494
8145.0 0.026724651
8146.0 0.027114067
8147.0 0.027503068
8148.0 0.027891699
8149.0 0.028279995
8150.0 0.028667736
8151.0 0.029084088
8152.0 0.029500045
8153.0 0.029915984
8154.0 0.030331577
8155.0 0.030747059
8156.0 0.031162281
8157.0 0.031577254
8158.0 0.031992058
8159.0 0.032406666
8160.0 0.032821111
8161.0 0.033258278
8162.0 0.033694811
8163.0 0.034130642
8164.0 0.03456578
8165.0 0.03500028
8166.0 0.035433967
8167.0 0.035867075
8168.0 0.036299378
8169.0 0.036731159
8170.0 0.037162009
8171.0 0.037628897
8172.0 0.038095478
8173.0 0.038562009
8174.0 0.039028302
8175.0 0.039494353
8176.0 0.039960335
8177.0 0.040426024
8178.0 0.040891653
8179.0 0.041356967
8180.0 0.041822178
8181.0 0.04235924
8182.0 0.042895878
8183.0 0.043432558
8184.0 0.043968801
8185.0 0.044504969
8186.0 0.045040762
8187.0 0.045576463
8188.0 0.046111873
8189.0 0.046647037
8190.0 0.047181985
8191.0 0.047736972
8192.0 0.048291323
8193.0 0.048845072
8194.0 0.049398273
8195.0 0.049950607
8196.0 0.050502566
8197.0 0.051053748
8198.0 0.051604549
8199.0 0.052154469
8200.0 0.052703957
8201.0 0.053332701
8202.0 0.053961008
8203.0 0.054588806
8204.0 0.055216004
8205.0 0.055842861
8206.0 0.056469023
8207.0 0.057094865
8208.0 0.057720098
8209.0 0.058344897
8210.0 0.058968999
8211.0 0.059494246
8212.0 0.060019113
8213.0 0.060543537
8214.0 0.061067969
8215.0 0.061592016
8216.0 0.062115822
8217.0 0.06263943
8218.0 0.063162681
8219.0 0.063685653
8220.0 0.064208472
8221.0 0.06494335
8222.0 0.065677145
8223.0 0.066409439
8224.0 0.067140432
8225.0 0.067870473
8226.0 0.068598882
8227.0 0.069326238
8228.0 0.07005228
8229.0 0.07077672
8230.0 0.071500306
8231.0 0.072047227
8232.0 0.072594138
8233.0 0.0731407
8234.0 0.073686541
8235.0 0.074232388
8236.0 0.074777877
8237.0 0.075322622
8238.0 0.075867515
8239.0 0.076411801
8240.0 0.076955721
8241.0 0.077592188
8242.0 0.078227734
8243.0 0.078862887
8244.0 0.079497274
8245.0 0.080130866
8246.0 0.080764089
8247.0 0.081396395
8248.0 0.082028287
8249.0 0.082659407
8250.0 0.083290044
8251.0 0.084107493
8252.0 0.084924193
8253.0 0.085740714
8254.0 0.086556211
8255.0 0.087371371
8256.0 0.088185794
8257.0 0.088999764
8258.0 0.089812976
8259.0 0.090625427
8260.0 0.091437278
8261.0 0.092309107
8262.0 0.093179644
8263.0 0.094049649
8264.0 0.094918788
8265.0 0.095786946
8266.0 0.096654235
8267.0 0.097520831
8268.0 0.098386253
8269.0 0.099251332
8270.0 0.100115234
8271.0 0.100846601
8272.0 0.101577758
8273.0 0.102308257
8274.0 0.103037683
8275.0 0.103767197
8276.0 0.104495748
8277.0 0.105223541
8278.0 0.105951257
8279.0 0.106677678
8280.0 0.10740418
8281.0 0.108197921
8282.0 0.108990435
8283.0 0.109782798
8284.0 0.110574317
8285.0 0.111364964
8286.0 0.112155316
8287.0 0.112944797
8288.0 0.113733575
8289.0 0.114521708
8290.0 0.115309137
8291.0 0.116200534
8292.0 0.117091219
8293.0 0.117980391
8294.0 0.11886819
8295.0 0.119754922
8296.0 0.120639695
8297.0 0.121523945
8298.0 0.122406268
8299.0 0.123287291
8300.0 0.124167372
8301.0 0.124933464
8302.0 0.125699189
8303.0 0.126464064
8304.0 0.127228375
8305.0 0.127990986
8306.0 0.128753635
8307.0 0.129515063
8308.0 0.130275877
8309.0 0.131036109
8310.0 0.131794868
8311.0 0.132140706
8312.0 0.132485221
8313.0 0.132830454
8314.0 0.133174361
8315.0 0.133518086
8316.0 0.133861867
8317.0 0.134204976
8318.0 0.134547006
8319.0 0.134889317
8320.0 0.135231202
8321.0 0.136452307
8322.0 0.137672359
8323.0 0.138891597
8324.0 0.140109511
8325.0 0.141327843
8326.0 0.142544381
8327.0 0.143760619
8328.0 0.144975742
8329.0 0.146190333
8330.0 0.147403559
8331.0 0.148135897
8332.0 0.148867066
8333.0 0.149597262
8334.0 0.150326282
8335.0 0.15105519
8336.0 0.151782342
8337.0 0.152508851
8338.0 0.153234467
8339.0 0.153959126
8340.0 0.154682587
8341.0 0.155476739
8342.0 0.156270595
8343.0 0.157063552
8344.0 0.15785595
8345.0 0.158647724
8346.0 0.159438389
8347.0 0.160229244
8348.0 0.161018986
8349.0 0.161808674
8350.0 0.162597261
8351.0 0.163033686
8352.0 0.163468948
8353.0 0.163903951
8354.0 0.164338267
8355.0 0.164771824
8356.0 0.165205799
8357.0 0.165638754
8358.0 0.166071855
8359.0 0.166504231
8360.0 0.166935809
8361.0 0.168038462
8362.0 0.169139761
8363.0 0.170240615
8364.0 0.171339915
8365.0 0.172438086
8366.0 0.173535602
8367.0 0.174631679
8368.0 0.175727068
8369.0 0.176821142
8370.0 0.177914158
8371.0 0.178298388
8372.0 0.178681056
8373.0 0.179063691
8374.0 0.179445729
8375.0 0.179826787
8376.0 0.180207552
8377.0 0.180587336
8378.0 0.18096681
8379.0 0.181345032
8380.0 0.181723544
8381.0 0.182367421
8382.0 0.183011161
8383.0 0.183654455
8384.0 0.184297969
8385.0 0.184940035
8386.0 0.185581987
8387.0 0.18622351
8388.0 0.186864924
8389.0 0.18750549
8390.0 0.188145686
8391.0 0.188614633
8392.0 0.189083086
8393.0 0.189551287
8394.0 0.190019316
8395.0 0.190487091
8396.0 0.190954365
8397.0 0.191421711
8398.0 0.191889213
8399.0 0.1923558
8400.0 0.192822521
8401.0 0.193754449
8402.0 0.194683616
8403.0 0.195611416
8404.0 0.196536714
8405.0 0.197460966
8406.0 0.198383521
8407.0 0.199304339
8408.0 0.200223788
8409.0 0.201140744
8410.0 0.20205594
8411.0 0.202398235
8412.0 0.202739652
8413.0 0.20308087
8414.0 0.203421582
8415.0 0.203761746
8416.0 0.204101403
8417.0 0.204440135
8418.0 0.204778693
8419.0 0.205116367
8420.0 0.20545358
8421.0 0.20531544
8422.0 0.205176606
8423.0 0.20503746
8424.0 0.204899384
8425.0 0.20476066
8426.0 0.204622269
8427.0 0.204483923
8428.0 0.204345241
8429.0 0.204206179
8430.0 0.204068276
8431.0 0.205204362
8432.0 0.206337304
8433.0 0.207468651
8434.0 0.208598342
8435.0 0.209725672
8436.0 0.210851397
8437.0 0.211974759
8438.0 0.213096079
8439.0 0.214216205
8440.0 0.215333186
8441.0 0.215549663
8442.0 0.215766161
8443.0 0.215982351
8444.0 0.216197779
8445.0 0.216412539
8446.0 0.216627297
8447.0 0.216842128
8448.0 0.217055883
8449.0 0.217270046
8450.0 0.217484284
8451.0 0.217552371
8452.0 0.217620669
8453.0 0.217688724
8454.0 0.217756944
8455.0 0.217824534
8456.0 0.217892363
8457.0 0.217959925
8458.0 0.218026467
8459.0 0.218093177
8460.0 0.218159666
8461.0 0.218817971
8462.0 0.219474455
8463.0 0.22012987
8464.0 0.220785569
8465.0 0.221439441
8466.0 0.222092346
8467.0 0.222744258
8468.0 0.223395178
8469.0 0.224045106
8470.0 0.224694042
8471.0 0.225109233
8472.0 0.225524686
8473.0 0.225937446
8474.0 0.226351304
8475.0 0.226764924
8476.0 0.22717632
8477.0 0.227588368
8478.0 0.227999411
8479.0 0.228408934
8480.0 0.228819194
8481.0 0.229187595
8482.0 0.229556638
8483.0 0.22992405
8484.0 0.230291221
8485.0 0.230658986
8486.0 0.231026043
8487.0 0.231392391
8488.0 0.231758969
8489.0 0.232125227
8490.0 0.232491192
8491.0 0.232643617
8492.0 0.2327955
8493.0 0.232946472
8494.0 0.233097694
8495.0 0.233248508
8496.0 0.233397404
8497.0 0.233547216
8498.0 0.233695558
8499.0 0.233843412
8500.0 0.233990725
8501.0 0.234233063
8502.0 0.234473611
8503.0 0.234714209
8504.0 0.234954752
8505.0 0.235194516
8506.0 0.23543377
8507.0 0.235671785
8508.0 0.23591015
8509.0 0.236148164
8510.0 0.236385694
8511.0 0.236776107
8512.0 0.237166465
8513.0 0.237556364
8514.0 0.237945721
8515.0 0.238334153
8516.0 0.238723027
8517.0 0.239110508
8518.0 0.239498379
8519.0 0.239884826
8520.0 0.240270808
8521.0 0.240423902
8522.0 0.240576575
8523.0 0.240728549
8524.0 0.240881157
8525.0 0.241032482
8526.0 0.241183942
8527.0 0.241334646
8528.0 0.241485066
8529.0 0.241635622
8530.0 0.24178584
8531.0 0.241961845
8532.0 0.242138611
8533.0 0.242313021
8534.0 0.242487885
8535.0 0.24266171
8536.0 0.242835542
8537.0 0.24300825
8538.0 0.243181391
8539.0 0.243353607
8540.0 0.243524301
8541.0 0.243651327
8542.0 0.243776634
8543.0 0.243903065
8544.0 0.244028259
8545.0 0.244153211
8546.0 0.244278378
8547.0 0.244402789
8548.0 0.244526958
8549.0 0.244651258
8550.0 0.244775374
8551.0 0.244753106
8552.0 0.244729769
8553.0 0.244707231
8554.0 0.244684485
8555.0 0.244662597
8556.0 0.244638717
8557.0 0.244615494
8558.0 0.244591776
8559.0 0.244568282
8560.0 0.244544667
8561.0 0.244773691
8562.0 0.245003199
8563.0 0.245231367
8564.0 0.245459121
8565.0 0.245687449
8566.0 0.245914376
8567.0 0.24614188
8568.0 0.246367949
8569.0 0.246594102
8570.0 0.24681987
8571.0 0.246907218
8572.0 0.246994328
8573.0 0.247081612
8574.0 0.24716813
8575.0 0.24725335
8576.0 0.247339716
8577.0 0.24742533
8578.0 0.247511178
8579.0 0.247595726
8580.0 0.247680894
8581.0 0.247696963
8582.0 0.247713281
8583.0 0.24772982
8584.0 0.247744727
8585.0 0.247760863
8586.0 0.24777581
8587.0 0.247790963
8588.0 0.247805432
8589.0 0.247820197
8590.0 0.247834723
8591.0 0.247861225
8592.0 0.247886492
8593.0 0.247912044
8594.0 0.247937374
8595.0 0.24796293
8596.0 0.247986351
8597.0 0.248011508
8598.0 0.24803595
8599.0 0.248060154
8600.0 0.248084137
8601.0 0.24852805
8602.0 0.248971304
8603.0 0.249413282
8604.0 0.249855584
8605.0 0.250296699
8606.0 0.250737597
8607.0 0.251177306
8608.0 0.251615272
8609.0 0.25205357
8610.0 0.252491149
8611.0 0.252203675
8612.0 0.251915841
8613.0 0.251628126
8614.0 0.251341019
8615.0 0.251054107
8616.0 0.250766837
8617.0 0.250479624
8618.0 0.250192085
8619.0 0.249905645
8620.0 0.249619398
8621.0 0.249754185
8622.0 0.24988955
8623.0 0.250023472
8624.0 0.250157407
8625.0 0.250289987
8626.0 0.250422997
8627.0 0.25055616
8628.0 0.250688354
8629.0 0.25082004
8630.0 0.25095032
8631.0 0.25043447
8632.0 0.249918616
8633.0 0.249403208
8634.0 0.24888829
8635.0 0.248373833
8636.0 0.247859851
8637.0 0.24734633
8638.0 0.246833835
8639.0 0.246320775
8640.0 0.245809169
8641.0 0.246162297
8642.0 0.246515315
8643.0 0.246867304
8644.0 0.247219216
8645.0 0.24756951
8646.0 0.247920283
8647.0 0.248269975
8648.0 0.24862012
8649.0 0.248968159
8650.0 0.249316605
8651.0 0.24919422
8652.0 0.249071329
8653.0 0.248949365
8654.0 0.248826287
8655.0 0.248703216
8656.0 0.248580606
8657.0 0.248458409
8658.0 0.248335644
8659.0 0.248211809
8660.0 0.248090027
8661.0 0.248171264
8662.0 0.248251725
8663.0 0.248332456
8664.0 0.248412879
8665.0 0.248492932
8666.0 0.248572754
8667.0 0.248652788
8668.0 0.248732057
8669.0 0.248811003
8670.0 0.248890161
8671.0 0.248721919
8672.0 0.248552669
8673.0 0.248384017
8674.0 0.248215745
8675.0 0.24804763
8676.0 0.247878349
8677.0 0.24771014
8678.0 0.247541947
8679.0 0.247374274
8680.0 0.24720553
8681.0 0.247262071
8682.0 0.247318861
8683.0 0.247374778
8684.0 0.24743088
8685.0 0.247486742
8686.0 0.2475423
8687.0 0.247597522
8688.0 0.247652965
8689.0 0.247706547
8690.0 0.247761383
8691.0 0.247649646
8692.0 0.247536264
8693.0 0.247424418
8694.0 0.247311895
8695.0 0.247199907
8696.0 0.247087784
8697.0 0.246973519
8698.0 0.246861859
8699.0 0.246749044
8700.0 0.246637147
8701.0 0.246661383
8702.0 0.246685303
8703.0 0.246709386
8704.0 0.246732642
8705.0 0.246756158
8706.0 0.246778798
8707.0 0.246802196
8708.0 0.246824221
8709.0 0.246845883
8710.0 0.246867823
8711.0 0.246683298
8712.0 0.246498822
8713.0 0.246313271
8714.0 0.24612936
8715.0 0.24594545
8716.0 0.245760482
8717.0 0.245576077
8718.0 0.245391209
8719.0 0.245207899
8720.0 0.245022439
8721.0 0.244938223
8722.0 0.244854355
8723.0 0.244769871
8724.0 0.244685205
8725.0 0.244600999
8726.0 0.244516193
8727.0 0.244431139
8728.0 0.24434658
8729.0 0.244261387
8730.0 0.244177091
8731.0 0.244028541
8732.0 0.243882679
8733.0 0.243735639
8734.0 0.243588066
8735.0 0.24344099
8736.0 0.243293864
8737.0 0.24314672
8738.0 0.243000042
8739.0 0.242852846
8740.0 0.242706164
8741.0 0.242823629
8742.0 0.242940232
8743.0 0.243057525
8744.0 0.24317441
8745.0 0.243290449
8746.0 0.243406695
8747.0 0.243521981
8748.0 0.243636955
8749.0 0.2437516
8750.0 0.243866879
8751.0 0.24359425
8752.0 0.243322313
8753.0 0.243049422
8754.0 0.242777289
8755.0 0.242505848
8756.0 0.242233471
8757.0 0.241962827
8758.0 0.241690743
8759.0 0.241419334
8760.0 0.241148129
8761.0 0.241160712
8762.0 0.24117198
8763.0 0.241184097
8764.0 0.241194931
8765.0 0.241204983
8766.0 0.241215902
8767.0 0.241227118
8768.0 0.241238109
8769.0 0.241247272
8770.0 0.241257795
8771.0 0.241057954
8772.0 0.240857057
8773.0 0.240656692
8774.0 0.240456956
8775.0 0.240256672
8776.0 0.240057034
8777.0 0.239856864
8778.0 0.239656751
8779.0 0.239457169
8780.0 0.239257677
8781.0 0.239197789
8782.0 0.239137682
8783.0 0.239077487
8784.0 0.239016024
8785.0 0.238955537
8786.0 0.238894863
8787.0 0.238834577
8788.0 0.238774155
8789.0 0.238712495
8790.0 0.238652307
8791.0 0.238548505
8792.0 0.238446271
8793.0 0.23834342
8794.0 0.23824102
8795.0 0.238138497
8796.0 0.238035981
8797.0 0.237932717
8798.0 0.23782941
8799.0 0.237726523
8800.0 0.237623594
8801.0 0.237434989
8802.0 0.237246933
8803.0 0.237057846
8804.0 0.236869852
8805.0 0.23668025
8806.0 0.236492301
8807.0 0.236303815
8808.0 0.236115367
8809.0 0.235926432
8810.0 0.235739083
8811.0 0.235668972
8812.0 0.235599207
8813.0 0.235528221
8814.0 0.235458207
8815.0 0.235387961
8816.0 0.235317104
8817.0 0.235246627
8818.0 0.235175967
8819.0 0.235105175
8820.0 0.235034268
8821.0 0.234662091
8822.0 0.234290761
8823.0 0.233919173
8824.0 0.233548398
8825.0 0.233178451
8826.0 0.232807719
8827.0 0.232438358
8828.0 0.23206874
8829.0 0.231699965
8830.0 0.2313309
8831.0 0.231223884
8832.0 0.231116273
8833.0 0.231008509
8834.0 0.230901791
8835.0 0.230793329
8836.0 0.230686406
8837.0 0.23057892
8838.0 0.230470739
8839.0 0.230362505
8840.0 0.230255252
8841.0 0.230357117
8842.0 0.230457548
8843.0 0.230558026
8844.0 0.230658718
8845.0 0.23075837
8846.0 0.230857675
8847.0 0.230956037
8848.0 0.231054996
8849.0 0.23115361
8850.0 0.231251762
8851.0 0.231095939
8852.0 0.230940654
8853.0 0.230784794
8854.0 0.230629472
8855.0 0.23047404
8856.0 0.230318631
8857.0 0.230163212
8858.0 0.230007216
8859.0 0.229851727
8860.0 0.229695078
8861.0 0.229556954
8862.0 0.229418747
8863.0 0.229279959
8864.0 0.229141107
8865.0 0.229002205
8866.0 0.228864937
8867.0 0.228725938
8868.0 0.228586391
8869.0 0.228447829
8870.0 0.228308134
8871.0 0.228165364
8872.0 0.228021486
8873.0 0.227878065
8874.0 0.227734103
8875.0 0.2275906
8876.0 0.227447038
8877.0 0.227303501
8878.0 0.227159856
8879.0 0.227016236
8880.0 0.226873675
8881.0 0.226739785
8882.0 0.226606399
8883.0 0.22647295
8884.0 0.226340005
8885.0 0.226205862
8886.0 0.226072256
8887.0 0.225938571
8888.0 0.225805874
8889.0 0.22567263
8890.0 0.225538772
8891.0 0.225421519
8892.0 0.225304753
8893.0 0.225187872
8894.0 0.225070944
8895.0 0.224953919
8896.0 0.224836829
8897.0 0.224719642
8898.0 0.224601788
8899.0 0.224484523
8900.0 0.22436654
8901.0 0.224195822
8902.0 0.224026793
8903.0 0.223855535
8904.0 0.223684861
8905.0 0.223513615
8906.0 0.223344009
8907.0 0.223173832
8908.0 0.223003183
8909.0 0.222832985
8910.0 0.222662316
8911.0 0.222399746
8912.0 0.222137314
8913.0 0.22187562
8914.0 0.221612392
8915.0 0.221350404
8916.0 0.221087986
8917.0 0.220826274
8918.0 0.220564699
8919.0 0.220303194
8920.0 0.220042477
8921.0 0.219999289
8922.0 0.219955362
8923.0 0.219912869
8924.0 0.219869136
8925.0 0.219824614
8926.0 0.219781628
8927.0 0.219737301
8928.0 0.21969282
8929.0 0.219648705
8930.0 0.219604369
8931.0 0.219518152
8932.0 0.219431827
8933.0 0.219345848
8934.0 0.219260299
8935.0 0.219174073
8936.0 0.219086612
8937.0 0.219000659
8938.0 0.218913977
8939.0 0.218827743
8940.0 0.21874083
8941.0 0.218561068
8942.0 0.218382475
8943.0 0.218202712
8944.0 0.218023006
8945.0 0.217844959
8946.0 0.217665808
8947.0 0.217486715
8948.0 0.217307546
8949.0 0.217129546
8950.0 0.216950477
8951.0 0.216764185
8952.0 0.216579563
8953.0 0.216393867
8954.0 0.216209354
8955.0 0.216023717
8956.0 0.215839228
8957.0 0.215653632
8958.0 0.215469117
8959.0 0.215283058
8960.0 0.215098634
8961.0 0.214989623
8962.0 0.214881651
8963.0 0.214772988
8964.0 0.21466422
8965.0 0.214555888
8966.0 0.21444698
8967.0 0.214337885
8968.0 0.214228702
8969.0 0.214120041
8970.0 0.214010651
8971.0 0.213804589
8972.0 0.213598496
8973.0 0.213391898
8974.0 0.213185978
8975.0 0.212979503
8976.0 0.212774261
8977.0 0.212567925
8978.0 0.212362148
8979.0 0.212156492
8980.0 0.21195141
8981.0 0.211895586
8982.0 0.211841246
8983.0 0.211785609
8984.0 0.211730936
8985.0 0.21167493
8986.0 0.211619872
8987.0 0.211564073
8988.0 0.211508648
8989.0 0.211452954
8990.0 0.211395519
8991.0 0.211248064
8992.0 0.211099999
8993.0 0.210950764
8994.0 0.210802595
8995.0 0.210654426
8996.0 0.210505714
8997.0 0.210356899
8998.0 0.210209185
8999.0 0.210060911
9000.0 0.209912535
9001.0 0.209769789
9002.0 0.209628589
9003.0 0.209486273
9004.0 0.20934442
9005.0 0.209203028
9006.0 0.209059401
9007.0 0.208917898
9008.0 0.20877528
9009.0 0.208633089
9010.0 0.208491463
9011.0 0.208229153
9012.0 0.207965862
9013.0 0.207704441
9014.0 0.207442498
9015.0 0.207180744
9016.0 0.206919079
9017.0 0.206658061
9018.0 0.206396099
9019.0 0.206134851
9020.0 0.205874758
9021.0 0.205798365
9022.0 0.205723503
9023.0 0.205649008
9024.0 0.205572676
9025.0 0.205496811
9026.0 0.205421821
9027.0 0.20534562
9028.0 0.205269785
9029.0 0.205193774
9030.0 0.20511706
9031.0 0.204886831
9032.0 0.204656637
9033.0 0.204426547
9034.0 0.204196136
9035.0 0.203966897
9036.0 0.20373666
9037.0 0.203507611
9038.0 0.20327814
9039.0 0.20304867
9040.0 0.202818796
9041.0 0.202704768
9042.0 0.202590642
9043.0 0.202476929
9044.0 0.202363169
9045.0 0.202247633
9046.0 0.202133697
9047.0 0.202019663
9048.0 0.201906094
9049.0 0.201791289
9050.0 0.201676388
9051.0 0.201493215
9052.0 0.201308898
9053.0 0.201125749
9054.0 0.200942679
9055.0 0.200759536
9056.0 0.200575861
9057.0 0.200393302
9058.0 0.200210279
9059.0 0.200027166
9060.0 0.199843555
9061.0 0.199687228
9062.0 0.199531937
9063.0 0.199375522
9064.0 0.199219649
9065.0 0.19906481
9066.0 0.198909393
9067.0 0.198753413
9068.0 0.198596275
9069.0 0.198440207
9070.0 0.19828468
9071.0 0.198156785
9072.0 0.198031126
9073.0 0.197903606
9074.0 0.197776623
9075.0 0.197649003
9076.0 0.197520797
9077.0 0.197394115
9078.0 0.197266319
9079.0 0.197138396
9080.0 0.197010959
9081.0 0.196904251
9082.0 0.196797868
9083.0 0.196690906
9084.0 0.196583194
9085.0 0.196475414
9086.0 0.196368113
9087.0 0.196260591
9088.0 0.196153549
9089.0 0.196045328
9090.0 0.195937519
9091.0 0.195671848
9092.0 0.195405779
9093.0 0.195139894
9094.0 0.194874671
9095.0 0.194608454
9096.0 0.194343001
9097.0 0.194078874
9098.0 0.193813703
9099.0 0.193548682
9100.0 0.193284423
9101.0 0.193244531
9102.0 0.193203956
9103.0 0.19316367
9104.0 0.193123213
9105.0 0.193080878
9106.0 0.193040009
9107.0 0.192998918
9108.0 0.192958204
9109.0 0.192916754
9110.0 0.192875098
9111.0 0.192672487
9112.0 0.192470485
9113.0 0.192268578
9114.0 0.192066662
9115.0 0.191865424
9116.0 0.191663561
9117.0 0.191461827
9118.0 0.19125899
9119.0 0.191057925
9120.0 0.190856322
9121.0 0.190755144
9122.0 0.190654951
9123.0 0.190552954
9124.0 0.190451413
9125.0 0.190350327
9126.0 0.190248584
9127.0 0.190147177
9128.0 0.19004403
9129.0 0.189943005
9130.0 0.189840685
9131.0 0.189582511
9132.0 0.18932444
9133.0 0.189065939
9134.0 0.18880881
9135.0 0.188550035
9136.0 0.188292598
9137.0 0.188035879
9138.0 0.187778202
9139.0 0.187521261
9140.0 0.187264988
9141.0 0.187166464
9142.0 0.187068374
9143.0 0.186969606
9144.0 0.186871272
9145.0 0.186772826
9146.0 0.186674814
9147.0 0.186574975
9148.0 0.186476686
9149.0 0.186378283
9150.0 0.186279184
9151.0 0.186091367
9152.0 0.185903075
9153.0 0.185715252
9154.0 0.185526406
9155.0 0.185338681
9156.0 0.185150499
9157.0 0.184963386
9158.0 0.184775713
9159.0 0.184586417
9160.0 0.184398876
9161.0 0.184464817
9162.0 0.18453035
9163.0 0.184594976
9164.0 0.184659209
9165.0 0.184723637
9166.0 0.184787086
9167.0 0.184850714
9168.0 0.184913915
9169.0 0.184976222
9170.0 0.18503923
9171.0 0.184607992
9172.0 0.184178391
9173.0 0.183748692
9174.0 0.183318967
9175.0 0.182890271
9176.0 0.182462653
9177.0 0.182034923
9178.0 0.181607187
9179.0 0.181181009
9180.0 0.180754773
9181.0 0.180648155
9182.0 0.180540884
9183.0 0.180433472
9184.0 0.180325886
9185.0 0.180218246
9186.0 0.180111032
9187.0 0.180003146
9188.0 0.179895119
9189.0 0.179787571
9190.0 0.179679299
9191.0 0.179526977
9192.0 0.179373481
9193.0 0.179220032
9194.0 0.179066459
9195.0 0.178914034
9196.0 0.178760985
9197.0 0.178607312
9198.0 0.178453584
9199.0 0.178300418
9200.0 0.178147249
9201.0 0.178066687
9202.0 0.177986578
9203.0 0.177906922
9204.0 0.177826477
9205.0 0.177745952
9206.0 0.177665828
9207.0 0.177583844
9208.0 0.17750342
9209.0 0.177422812
9210.0 0.1773415
9211.0 0.177073921
9212.0 0.176806503
9213.0 0.17654042
9214.0 0.176272769
9215.0 0.176006539
9216.0 0.175739831
9217.0 0.175474455
9218.0 0.1752075
9219.0 0.174941411
9220.0 0.174676567
9221.0 0.174621839
9222.0 0.174566389
9223.0 0.174511939
9224.0 0.174456646
9225.0 0.174402371
9226.0 0.174347271
9227.0 0.174290912
9228.0 0.174235486
9229.0 0.174181014
9230.0 0.17412466
9231.0 0.173932204
9232.0 0.173740383
9233.0 0.173549178
9234.0 0.173356861
9235.0 0.173165766
9236.0 0.172973541
9237.0 0.172781363
9238.0 0.172590406
9239.0 0.172398925
9240.0 0.172208043
9241.0 0.172102115
9242.0 0.171996084
9243.0 0.171891661
9244.0 0.171785389
9245.0 0.171680207
9246.0 0.17157487
9247.0 0.171468876
9248.0 0.171363386
9249.0 0.171256665
9250.0 0.171149807
9251.0 0.170929613
9252.0 0.170708388
9253.0 0.170486687
9254.0 0.170267332
9255.0 0.170045805
9256.0 0.169825567
9257.0 0.16960539
9258.0 0.169384237
9259.0 0.169164787
9260.0 0.168944395
9261.0 0.168903733
9262.0 0.168863405
9263.0 0.168822858
9264.0 0.168782127
9265.0 0.168741212
9266.0 0.168700008
9267.0 0.168658621
9268.0 0.168616475
9269.0 0.168574092
9270.0 0.168532011
9271.0 0.168383251
9272.0 0.168234423
9273.0 0.16808558
9274.0 0.167936739
9275.0 0.167787865
9276.0 0.167639463
9277.0 0.167489392
9278.0 0.167340941
9279.0 0.167191919
9280.0 0.167043455
9281.0 0.166898358
9282.0 0.166752697
9283.0 0.166608039
9284.0 0.166462904
9285.0 0.166317623
9286.0 0.166172927
9287.0 0.166027545
9288.0 0.165882836
9289.0 0.165737405
9290.0 0.16559141
9291.0 0.165461567
9292.0 0.165331153
9293.0 0.165201773
9294.0 0.165070635
9295.0 0.164940041
9296.0 0.164809924
9297.0 0.164679182
9298.0 0.164550052
9299.0 0.164418585
9300.0 0.164287053
9301.0 0.164116359
9302.0 0.163943927
9303.0 0.163773234
9304.0 0.163601974
9305.0 0.163430741
9306.0 0.163258958
9307.0 0.163087743
9308.0 0.162916521
9309.0 0.16274419
9310.0 0.16257358
9311.0 0.162343452
9312.0 0.162114065
9313.0 0.161883655
9314.0 0.161653934
9315.0 0.161424272
9316.0 0.161194776
9317.0 0.160964817
9318.0 0.160736085
9319.0 0.160506404
9320.0 0.160277897
9321.0 0.160170388
9322.0 0.160063336
9323.0 0.159956186
9324.0 0.159848902
9325.0 0.15974152
9326.0 0.159634074
9327.0 0.159526459
9328.0 0.159419287
9329.0 0.159312016
9330.0 0.159204053
9331.0 0.159099021
9332.0 0.158993887
9333.0 0.158890887
9334.0 0.158786038
9335.0 0.158681698
9336.0 0.158576085
9337.0 0.158470334
9338.0 0.158365583
9339.0 0.158260783
9340.0 0.158155776
9341.0 0.157974586
9342.0 0.157793986
9343.0 0.157613399
9344.0 0.157432281
9345.0 0.157250668
9346.0 0.15707131
9347.0 0.156890282
9348.0 0.156709337
9349.0 0.156527775
9350.0 0.156348588
9351.0 0.156175403
9352.0 0.156004501
9353.0 0.155831279
9354.0 0.155659885
9355.0 0.155487239
9356.0 0.155314688
9357.0 0.155142706
9358.0 0.154970679
9359.0 0.154798747
9360.0 0.154626212
9361.0 0.154509356
9362.0 0.154392379
9363.0 0.154275244
9364.0 0.154157531
9365.0 0.154040275
9366.0 0.153922896
9367.0 0.153805921
9368.0 0.153688385
9369.0 0.153570114
9370.0 0.153452896
9371.0 0.153261186
9372.0 0.153068899
9373.0 0.152877822
9374.0 0.152685677
9375.0 0.152495321
9376.0 0.152302686
9377.0 0.152112437
9378.0 0.151920505
9379.0 0.151730398
9380.0 0.151538591
9381.0 0.151410085
9382.0 0.151282165
9383.0 0.151152958
9384.0 0.151025479
9385.0 0.150895535
9386.0 0.150767303
9387.0 0.150639571
9388.0 0.150510006
9389.0 0.150381011
9390.0 0.150251851
9391.0 0.150002749
9392.0 0.14975268
9393.0 0.149502749
9394.0 0.149253554
9395.0 0.149004006
9396.0 0.14875465
9397.0 0.148506588
9398.0 0.14825695
9399.0 0.148008117
9400.0 0.147759981
9401.0 0.147626672
9402.0 0.147492614
9403.0 0.147359415
9404.0 0.147225519
9405.0 0.147091397
9406.0 0.146957646
9407.0 0.146823653
9408.0 0.146688883
9409.0 0.146554563
9410.0 0.146419966
9411.0 0.146168128
9412.0 0.145914686
9413.0 0.145661876
9414.0 0.145410944
9415.0 0.145158408
9416.0 0.144906514
9417.0 0.144655356
9418.0 0.144403683
9419.0 0.144152747
9420.0 0.143901864
9421.0 0.143753776
9422.0 0.143605508
9423.0 0.143457008
9424.0 0.143308968
9425.0 0.14316017
9426.0 0.14301236
9427.0 0.14286373
9428.0 0.142714394
9429.0 0.142567223
9430.0 0.14241694
9431.0 0.142220863
9432.0 0.142024162
9433.0 0.141827951
9434.0 0.141630667
9435.0 0.141435562
9436.0 0.141238716
9437.0 0.141041306
9438.0 0.140845575
9439.0 0.140649218
9440.0 0.140453406
9441.0 0.140292185
9442.0 0.140131465
9443.0 0.139971148
9444.0 0.139810101
9445.0 0.139648393
9446.0 0.139488261
9447.0 0.139326226
9448.0 0.139165847
9449.0 0.139005381
9450.0 0.138843556
9451.0 0.138586397
9452.0 0.138328216
9453.0 0.138071887
9454.0 0.137814571
9455.0 0.137558533
9456.0 0.137302091
9457.0 0.137046327
9458.0 0.13678905
9459.0 0.136535275
9460.0 0.136279398
9461.0 0.136116059
9462.0 0.135951983
9463.0 0.135788988
9464.0 0.135626382
9465.0 0.135462008
9466.0 0.135299236
9467.0 0.135135673
9468.0 0.13497212
9469.0 0.134808374
9470.0 0.134645105
9471.0 0.134468476
9472.0 0.134291288
9473.0 0.134112781
9474.0 0.133936556
9475.0 0.133759058
9476.0 0.133582077
9477.0 0.133405075
9478.0 0.133227337
9479.0 0.1330513
9480.0 0.132873441
9481.0 0.132694989
9482.0 0.132514737
9483.0 0.132336654
9484.0 0.132156867
9485.0 0.13197757
9486.0 0.131798143
9487.0 0.131619294
9488.0 0.1314409
9489.0 0.131261306
9490.0 0.13108221
9491.0 0.130854335
9492.0 0.130627185
9493.0 0.130400043
9494.0 0.13017244
9495.0 0.129944898
9496.0 0.129719214
9497.0 0.129492423
9498.0 0.129265675
9499.0 0.129039564
9500.0 0.12881301
9501.0 0.128589223
9502.0 0.128364934
9503.0 0.128140167
9504.0 0.127916557
9505.0 0.127693045
9506.0 0.127470194
9507.0 0.127245693
9508.0 0.127022375
9509.0 0.126800292
9510.0 0.126577098
9511.0 0.12635893
9512.0 0.126139681
9513.0 0.125921001
9514.0 0.125702378
9515.0 0.125483857
9516.0 0.125265921
9517.0 0.125047514
9518.0 0.124830266
9519.0 0.124611886
9520.0 0.124395914
9521.0 0.12417147
9522.0 0.123948292
9523.0 0.123725174
9524.0 0.123502697
9525.0 0.123281961
9526.0 0.123058521
9527.0 0.122836795
9528.0 0.122614611
9529.0 0.122393673
9530.0 0.122172154
9531.0 0.121954815
9532.0 0.121738108
9533.0 0.121520944
9534.0 0.121306056
9535.0 0.121089523
9536.0 0.120874211
9537.0 0.120658354
9538.0 0.120442549
9539.0 0.120226235
9540.0 0.120012299
9541.0 0.119863359
9542.0 0.119717076
9543.0 0.11956898
9544.0 0.119421268
9545.0 0.119273966
9546.0 0.119125931
9547.0 0.118978368
9548.0 0.1188312
9549.0 0.118682672
9550.0 0.118534627
9551.0 0.118396701
9552.0 0.118258582
9553.0 0.11812034
9554.0 0.117981312
9555.0 0.117842638
9556.0 0.117704433
9557.0 0.117565389
9558.0 0.117426815
9559.0 0.117288606
9560.0 0.117147935
9561.0 0.117003402
9562.0 0.116859949
9563.0 0.116715084
9564.0 0.116570705
9565.0 0.116426129
9566.0 0.116281409
9567.0 0.116135319
9568.0 0.115991441
9569.0 0.115846201
9570.0 0.115701921
9571.0 0.115558137
9572.0 0.115417096
9573.0 0.115274097
9574.0 0.115131509
9575.0 0.114988743
9576.0 0.114846996
9577.0 0.114703876
9578.0 0.114561776
9579.0 0.114418374
9580.0 0.114275313
9581.0 0.114069993
9582.0 0.113864774
9583.0 0.113658314
9584.0 0.113454286
9585.0 0.113249144
9586.0 0.113043422
9587.0 0.112838283
9588.0 0.112634362
9589.0 0.112429334
9590.0 0.112224942
9591.0 0.112036773
9592.0 0.111849229
9593.0 0.111660996
9594.0 0.111472789
9595.0 0.111285172
9596.0 0.111097455
9597.0 0.110910371
9598.0 0.110722072
9599.0 0.110534934
9600.0 0.110347706
9601.0 0.110162893
9602.0 0.10997976
9603.0 0.109797209
9604.0 0.109612906
9605.0 0.109430945
9606.0 0.109246079
9607.0 0.109064101
9608.0 0.108881569
9609.0 0.10869842
9610.0 0.108515808
9611.0 0.108326846
9612.0 0.108137316
9613.0 0.107949568
9614.0 0.107759464
9615.0 0.107571749
9616.0 0.107382859
9617.0 0.107195134
9618.0 0.107006259
9619.0 0.106818059
9620.0 0.106629817
9621.0 0.106461599
9622.0 0.106291648
9623.0 0.106123389
9624.0 0.10595388
9625.0 0.105784919
9626.0 0.105616505
9627.0 0.105447503
9628.0 0.105278369
9629.0 0.105111018
9630.0 0.10494119
9631.0 0.104779551
9632.0 0.104617247
9633.0 0.104456017
9634.0 0.104294705
9635.0 0.104132182
9636.0 0.103971325
9637.0 0.103809796
9638.0 0.103647646
9639.0 0.103486644
9640.0 0.10332434
9641.0 0.103154396
9642.0 0.102985661
9643.0 0.102815667
9644.0 0.102646183
9645.0 0.102477298
9646.0 0.102307182
9647.0 0.102138203
9648.0 0.101969734
9649.0 0.101799458
9650.0 0.101630339
9651.0 0.101470649
9652.0 0.101312047
9653.0 0.101153395
9654.0 0.100994053
9655.0 0.100835234
9656.0 0.10067694
9657.0 0.100516751
9658.0 0.100358308
9659.0 0.100199788
9660.0 0.100039966
9661.0 0.099851541
9662.0 0.099663697
9663.0 0.099475859
9664.0 0.099288063
9665.0 0.099099733
9666.0 0.098912587
9667.0 0.098725455
9668.0 0.098537808
9669.0 0.098351326
9670.0 0.098164868
9671.0 0.097976502
9672.0 0.097789959
9673.0 0.097603386
9674.0 0.097415695
9675.0 0.097229773
9676.0 0.097042734
9677.0 0.096856267
9678.0 0.096669869
9679.0 0.096482902
9680.0 0.096297173
9681.0 0.096114412
9682.0 0.095929392
9683.0 0.095747281
9684.0 0.095564035
9685.0 0.095380203
9686.0 0.095196987
9687.0 0.095014918
9688.0 0.094831203
9689.0 0.094649784
9690.0 0.094466082
9691.0 0.094286258
9692.0 0.094106977
9693.0 0.093927172
9694.0 0.093747416
9695.0 0.093568815
9696.0 0.093388431
9697.0 0.09320983
9698.0 0.093030642
9699.0 0.092851521
9700.0 0.092672343
9701.0 0.092514806
9702.0 0.09235665
9703.0 0.092198952
9704.0 0.092041208
9705.0 0.091884031
9706.0 0.091726126
9707.0 0.09156876
9708.0 0.091410162
9709.0 0.091253318
9710.0 0.091095116
9711.0 0.090933124
9712.0 0.090770413
9713.0 0.090607701
9714.0 0.090445538
9715.0 0.090282097
9716.0 0.090120988
9717.0 0.089957455
9718.0 0.08979568
9719.0 0.089633237
9720.0 0.089471308
9721.0 0.089312315
9722.0 0.089153895
9723.0 0.088994173
9724.0 0.088836827
9725.0 0.088677576
9726.0 0.088518871
9727.0 0.088360722
9728.0 0.088202488
9729.0 0.088043584
9730.0 0.087885822
9731.0 0.087725309
9732.0 0.087566448
9733.0 0.087407651
9734.0 0.087248122
9735.0 0.087089119
9736.0 0.086929456
9737.0 0.086770398
9738.0 0.086611225
9739.0 0.086451979
9740.0 0.086292743
9741.0 0.086122431
9742.0 0.085950349
9743.0 0.085780008
9744.0 0.085609056
9745.0 0.085437537
9746.0 0.085266618
9747.0 0.085095604
9748.0 0.084925254
9749.0 0.084754844
9750.0 0.084583859
9751.0 0.084415983
9752.0 0.084247497
9753.0 0.084079532
9754.0 0.083909826
9755.0 0.083741816
9756.0 0.083574445
9757.0 0.08340584
9758.0 0.083237764
9759.0 0.083069738
9760.0 0.082901664
9761.0 0.082735718
9762.0 0.082567918
9763.0 0.082401315
9764.0 0.082234677
9765.0 0.082067461
9766.0 0.081900781
9767.0 0.081734683
9768.0 0.081568541
9769.0 0.081401168
9770.0 0.081234993
9771.0 0.081060446
9772.0 0.080885854
9773.0 0.080710718
9774.0 0.080537295
9775.0 0.080362169
9776.0 0.080187678
9777.0 0.080013114
9778.0 0.079839248
9779.0 0.079665329
9780.0 0.079492016
9781.0 0.079337527
9782.0 0.079185815
9783.0 0.079031172
9784.0 0.078878147
9785.0 0.078724502
9786.0 0.078571995
9787.0 0.078418142
9788.0 0.078265482
9789.0 0.078110986
9790.0 0.077959335
9791.0 0.077802221
9792.0 0.07764625
9793.0 0.077489617
9794.0 0.077334065
9795.0 0.07717675
9796.0 0.077021698
9797.0 0.076865465
9798.0 0.076709678
9799.0 0.076553318
9800.0 0.07639684
9801.0 0.076299957
9802.0 0.076203033
9803.0 0.076106119
9804.0 0.076009702
9805.0 0.07591264
9806.0 0.075815528
9807.0 0.075718991
9808.0 0.075621238
9809.0 0.07552345
9810.0 0.075426765
9811.0 0.075331139
9812.0 0.075234848
9813.0 0.075139121
9814.0 0.075043285
9815.0 0.07494746
9816.0 0.074851583
9817.0 0.074755661
9818.0 0.074658473
9819.0 0.074563061
9820.0 0.07446699
9821.0 0.074348047
9822.0 0.07422851
9823.0 0.074109593
9824.0 0.073990146
9825.0 0.073870717
9826.0 0.073752469
9827.0 0.073633015
9828.0 0.073514254
9829.0 0.073394283
9830.0 0.073274882
9831.0 0.073154701
9832.0 0.073033276
9833.0 0.072911921
9834.0 0.07279121
9835.0 0.072669297
9836.0 0.07254863
9837.0 0.072427996
9838.0 0.072307368
9839.0 0.072185557
9840.0 0.072063824
9841.0 0.071942472
9842.0 0.071820041
9843.0 0.071696974
9844.0 0.071575153
9845.0 0.071452814
9846.0 0.071329889
9847.0 0.071207544
9848.0 0.071086457
9849.0 0.070963073
9850.0 0.070840811
9851.0 0.070721382
9852.0 0.070601977
9853.0 0.070483143
9854.0 0.070363227
9855.0 0.070243263
9856.0 0.070124493
9857.0 0.070004632
9858.0 0.069884737
9859.0 0.069765476
9860.0 0.069646226
9861.0 0.069542074
9862.0 0.069437221
9863.0 0.069333563
9864.0 0.069228098
9865.0 0.069123834
9866.0 0.069019487
9867.0 0.068914558
9868.0 0.06881015
9869.0 0.068705164
9870.0 0.06860015
9871.0 0.068497056
9872.0 0.068394539
9873.0 0.068291988
9874.0 0.068188173
9875.0 0.068084948
9876.0 0.0679823
9877.0 0.067879063
9878.0 0.067776347
9879.0 0.067672982
9880.0 0.067569028
9881.0 0.067460145
9882.0 0.067350145
9883.0 0.06723891
9884.0 0.067128883
9885.0 0.067019395
9886.0 0.066909958
9887.0 0.06679928
9888.0 0.066689145
9889.0 0.066578495
9890.0 0.066468329
9891.0 0.066370555
9892.0 0.066270278
9893.0 0.066171172
9894.0 0.066072082
9895.0 0.065971665
9896.0 0.065873031
9897.0 0.065773747
9898.0 0.06567446
9899.0 0.065575692
9900.0 0.065474471
9901.0 0.065352805
9902.0 0.065230616
9903.0 0.065107231
9904.0 0.064985032
9905.0 0.064862931
9906.0 0.064740237
9907.0 0.064618204
9908.0 0.064495573
9909.0 0.064373589
9910.0 0.064251018
9911.0 0.064133721
9912.0 0.064016434
9913.0 0.063899769
9914.0 0.06378195
9915.0 0.063665306
9916.0 0.063548055
9917.0 0.063430879
9918.0 0.063314878
9919.0 0.063197111
9920.0 0.063079965
9921.0 0.062962761
9922.0 0.062845015
9923.0 0.062728512
9924.0 0.062611403
9925.0 0.062494304
9926.0 0.062377211
9927.0 0.062259526
9928.0 0.062142454
9929.0 0.062026012
9930.0 0.061908359
9931.0 0.061788929
9932.0 0.061668362
9933.0 0.061548374
9934.0 0.061427851
9935.0 0.061307906
9936.0 0.061187427
9937.0 0.061068132
9938.0 0.060948275
9939.0 0.060827263
9940.0 0.060707468
9941.0 0.060607917
9942.0 0.060507154
9943.0 0.060407514
9944.0 0.06030783
9945.0 0.060208096
9946.0 0.060107712
9947.0 0.060007287
9948.0 0.059907388
9949.0 0.059806262
9950.0 0.059706274
9951.0 0.059602584
9952.0 0.059498254
9953.0 0.059393895
9954.0 0.0592902
9955.0 0.059185456
9956.0 0.059080685
9957.0 0.058976399
9958.0 0.058872079
9959.0 0.058767659
9960.0 0.058663267
9961.0 0.058561531
9962.0 0.058459269
9963.0 0.058356901
9964.0 0.058255023
9965.0 0.058153098
9966.0 0.058050527
9967.0 0.057947964
9968.0 0.057845836
9969.0 0.057743186
9970.0 0.057640961
9971.0 0.057537361
9972.0 0.057433177
9973.0 0.057329499
9974.0 0.057225769
9975.0 0.057121397
9976.0 0.057017056
9977.0 0.056913138
9978.0 0.056808112
9979.0 0.056704634
9980.0 0.056600063
9981.0 0.056477222
9982.0 0.056355489
9983.0 0.056232116
9984.0 0.056109374
9985.0 0.055987138
9986.0 0.055864453
9987.0 0.055741747
9988.0 0.055619619
9989.0 0.055496373
9990.0 0.055373214
9991.0 0.055253281
9992.0 0.055131695
9993.0 0.055010672
9994.0 0.054890794
9995.0 0.054769232
9996.0 0.05464882
9997.0 0.05452843
9998.0 0.054406993
9999.0 0.054285701
10000.0 0.05416539
10001.0 0.054071528
10002.0 0.053977341
10003.0 0.053883236
10004.0 0.053789571
10005.0 0.053695402
10006.0 0.053601846
10007.0 0.053507956
10008.0 0.053414218
10009.0 0.053320387
10010.0 0.053226575
10011.0 0.053131173
10012.0 0.05303585
10013.0 0.052940441
10014.0 0.052845193
10015.0 0.052749959
10016.0 0.052654767
10017.0 0.052559425
10018.0 0.052464235
10019.0 0.052369009
10020.0 0.052273939
10021.0 0.052195503
10022.0 0.052117287
10023.0 0.052038911
10024.0 0.051960589
10025.0 0.051882099
10026.0 0.051803723
10027.0 0.051725196
10028.0 0.051646646
10029.0 0.051568124
10030.0 0.051489647
10031.0 0.051408876
10032.0 0.051328094
10033.0 0.05124735
10034.0 0.05116653
10035.0 0.051085688
10036.0 0.051004826
10037.0 0.050923956
10038.0 0.050842997
10039.0 0.050762085
10040.0 0.050681152
10041.0 0.050600594
10042.0 0.050520082
10043.0 0.050439496
10044.0 0.050358943
10045.0 0.050278313
10046.0 0.050197724
10047.0 0.050117043
10048.0 0.05003623
10049.0 0.049955513
10050.0 0.049874782
10051.0 0.049793369
10052.0 0.049712054
10053.0 0.049630544
10054.0 0.049549007
10055.0 0.049467634
10056.0 0.049386133
10057.0 0.049304602
10058.0 0.049223004
10059.0 0.049141436
10060.0 0.049059736
10061.0 0.048967497
10062.0 0.048875338
10063.0 0.048783142
10064.0 0.048690847
10065.0 0.048598689
10066.0 0.048506492
10067.0 0.048414321
10068.0 0.048322154
10069.0 0.048229897
10070.0 0.048137768
10071.0 0.048046498
10072.0 0.047955246
10073.0 0.047863998
10074.0 0.047772768
10075.0 0.047681441
10076.0 0.047590192
10077.0 0.047498948
10078.0 0.047407735
10079.0 0.047316467
10080.0 0.047225271
10081.0 0.047133204
10082.0 0.047041216
10083.0 0.046949305
10084.0 0.046857251
10085.0 0.046765263
10086.0 0.046673291
10087.0 0.046581281
10088.0 0.046489407
10089.0 0.046397499
10090.0 0.046305534
10091.0 0.046215356
10092.0 0.04612532
10093.0 0.04603522
10094.0 0.045945079
10095.0 0.045855007
10096.0 0.045764825
10097.0 0.045674717
10098.0 0.045584623
10099.0 0.045494483
10100.0 0.045404357
10101.0 0.045320178
10102.0 0.04523587
10103.0 0.045151607
10104.0 0.045067275
10105.0 0.044982993
10106.0 0.044898636
10107.0 0.044814262
10108.0 0.044729827
10109.0 0.044645496
10110.0 0.044561037
10111.0 0.044481503
10112.0 0.044401942
10113.0 0.044322344
10114.0 0.044242663
10115.0 0.04416301
10116.0 0.044083209
10117.0 0.044003496
10118.0 0.043923692
10119.0 0.043843804
10120.0 0.043763885
10121.0 0.043680297
10122.0 0.043596636
10123.0 0.043513079
10124.0 0.043429325
10125.0 0.043345612
10126.0 0.043262009
10127.0 0.043178208
10128.0 0.043094443
10129.0 0.043010614
10130.0 0.042926762
10131.0 0.042845731
10132.0 0.042764611
10133.0 0.042683526
10134.0 0.042602297
10135.0 0.042520983
10136.0 0.042439756
10137.0 0.042358448
10138.0 0.042277107
10139.0 0.042195686
10140.0 0.042114231
10141.0 0.042018726
10142.0 0.041923131
10143.0 0.041827687
10144.0 0.041732171
10145.0 0.041636673
10146.0 0.041541264
10147.0 0.041445844
10148.0 0.041350377
10149.0 0.041255013
10150.0 0.04115956
10151.0 0.041063726
10152.0 0.040967856
10153.0 0.040871967
10154.0 0.040776231
10155.0 0.040680344
10156.0 0.040584623
10157.0 0.040488871
10158.0 0.040393161
10159.0 0.040297419
10160.0 0.040201774
10161.0 0.040105955
10162.0 0.040010234
10163.0 0.039914551
10164.0 0.039818896
10165.0 0.039723151
10166.0 0.039627637
10167.0 0.039532022
10168.0 0.0394364
10169.0 0.039340866
10170.0 0.03924537
10171.0 0.039153947
10172.0 0.039062475
10173.0 0.038971075
10174.0 0.038879694
10175.0 0.038788336
10176.0 0.038696923
10177.0 0.038605529
10178.0 0.038514103
10179.0 0.03842275
10180.0 0.038331461
10181.0 0.038243344
10182.0 0.038155336
10183.0 0.038067273
10184.0 0.037979263
10185.0 0.037891266
10186.0 0.037803267
10187.0 0.037715142
10188.0 0.03762709
10189.0 0.037539031
10190.0 0.037450975
10191.0 0.037363575
10192.0 0.03727623
10193.0 0.037188891
10194.0 0.037101483
10195.0 0.037014127
10196.0 0.036926716
10197.0 0.036839244
10198.0 0.036751884
10199.0 0.036664469
10200.0 0.036576922
10201.0 0.036513595
10202.0 0.036450265
10203.0 0.036386926
10204.0 0.036323464
10205.0 0.036260114
10206.0 0.036196637
10207.0 0.036133219
10208.0 0.036069734
10209.0 0.03600636
10210.0 0.035942921
10211.0 0.035881241
10212.0 0.035819366
10213.0 0.035757591
10214.0 0.035695867
10215.0 0.035633956
10216.0 0.03557209
10217.0 0.035510327
10218.0 0.035448433
10219.0 0.035386596
10220.0 0.035324619
10221.0 0.035255892
10222.0 0.035187241
10223.0 0.035118541
10224.0 0.035049859
10225.0 0.034981244
10226.0 0.034912589
10227.0 0.034843876
10228.0 0.034775308
10229.0 0.034706624
10230.0 0.034637959
10231.0 0.034573441
10232.0 0.034508919
10233.0 0.034444457
10234.0 0.034379928
10235.0 0.034315281
10236.0 0.034250805
10237.0 0.034186217
10238.0 0.034121616
10239.0 0.034057082
10240.0 0.033992304
10241.0 0.033928573
10242.0 0.033864722
10243.0 0.033800743
10244.0 0.03373682
10245.0 0.03367295
10246.0 0.03360901
10247.0 0.033545013
10248.0 0.03348113
10249.0 0.033417061
10250.0 0.033353166
10251.0 0.033286402
10252.0 0.033219523
10253.0 0.033152768
10254.0 0.033085843
10255.0 0.033019036
10256.0 0.032952242
10257.0 0.03288533
10258.0 0.032818548
10259.0 0.032751705
10260.0 0.032684937
10261.0 0.032616577
10262.0 0.032548168
10263.0 0.03247977
10264.0 0.032411449
10265.0 0.032343141
10266.0 0.032274775
10267.0 0.03220643
10268.0 0.03213809
10269.0 0.032069588
10270.0 0.032001331
10271.0 0.031937267
10272.0 0.031873316
10273.0 0.0318093
10274.0 0.031745212
10275.0 0.031681244
10276.0 0.031617146
10277.0 0.031553102
10278.0 0.031488995
10279.0 0.031424878
10280.0 0.03136076
10281.0 0.031293213
10282.0 0.031225618
10283.0 0.031158097
10284.0 0.031090578
10285.0 0.03102301
10286.0 0.030955453
10287.0 0.030887776
10288.0 0.030820294
10289.0 0.030752755
10290.0 0.03068523
10291.0 0.03062053
10292.0 0.030555834
10293.0 0.03049107
10294.0 0.030426423
10295.0 0.030361709
10296.0 0.030296935
10297.0 0.0302321
10298.0 0.030167431
10299.0 0.030102588
10300.0 0.03003779
10301.0 0.029971922
10302.0 0.029906114
10303.0 0.029840131
10304.0 0.029774263
10305.0 0.029708339
10306.0 0.029642469
10307.0 0.029576489
10308.0 0.02951062
10309.0 0.029444645
10310.0 0.029378658
10311.0 0.029312769
10312.0 0.029246758
10313.0 0.029180866
10314.0 0.029114917
10315.0 0.02904891
10316.0 0.028982963
10317.0 0.028916953
10318.0 0.028851063
10319.0 0.028784938
10320.0 0.028718933
10321.0 0.028654104
10322.0 0.028589322
10323.0 0.028524479
10324.0 0.02845952
10325.0 0.02839473
10326.0 0.028329757
10327.0 0.028264889
10328.0 0.028199907
10329.0 0.02813492
10330.0 0.028070045
10331.0 0.028002729
10332.0 0.027935477
10333.0 0.02786829
10334.0 0.027800991
10335.0 0.027733696
10336.0 0.027666524
10337.0 0.027599305
10338.0 0.027532031
10339.0 0.027464758
10340.0 0.027397495
10341.0 0.027332801
10342.0 0.027268033
10343.0 0.027203327
10344.0 0.027138551
10345.0 0.027073885
10346.0 0.027008976
10347.0 0.026944244
10348.0 0.026879382
10349.0 0.026814578
10350.0 0.026749763
10351.0 0.026682231
10352.0 0.026614591
10353.0 0.026547075
10354.0 0.026479506
10355.0 0.026411943
10356.0 0.026344332
10357.0 0.026276785
10358.0 0.026209179
10359.0 0.026141593
10360.0 0.026074006
10361.0 0.026010455
10362.0 0.025946769
10363.0 0.02588307
10364.0 0.025819417
10365.0 0.025755635
10366.0 0.025691952
10367.0 0.025628143
10368.0 0.025564494
10369.0 0.025500602
10370.0 0.025436871
10371.0 0.025369004
10372.0 0.025301267
10373.0 0.025233595
10374.0 0.025165756
10375.0 0.025097919
10376.0 0.025030153
10377.0 0.024962334
10378.0 0.024894465
10379.0 0.024826712
10380.0 0.024758977
10381.0 0.024690931
10382.0 0.024623067
10383.0 0.024555213
10384.0 0.024487189
10385.0 0.024419292
10386.0 0.024351346
10387.0 0.024283407
10388.0 0.024215471
10389.0 0.024147488
10390.0 0.024079575
10391.0 0.024008544
10392.0 0.023937543
10393.0 0.023866563
10394.0 0.023795727
10395.0 0.023724684
10396.0 0.023653782
10397.0 0.023582787
10398.0 0.023511999
10399.0 0.023441173
10400.0 0.023370198
10401.0 0.02331922
10402.0 0.023268254
10403.0 0.023217238
10404.0 0.023166292
10405.0 0.023115298
10406.0 0.02306431
10407.0 0.023013335
10408.0 0.022962375
10409.0 0.022911355
10410.0 0.022860412
10411.0 0.022808689
10412.0 0.022756923
10413.0 0.022705173
10414.0 0.022653429
10415.0 0.02260176
10416.0 0.022550053
10417.0 0.022498409
10418.0 0.022446724
10419.0 0.022394928
10420.0 0.022343274
10421.0 0.022295341
10422.0 0.022247346
10423.0 0.022199404
10424.0 0.022151287
10425.0 0.022103276
10426.0 0.022055329
10427.0 0.022007317
10428.0 0.021959241
10429.0 0.021911282
10430.0 0.02186314
10431.0 0.021813484
10432.0 0.021763708
10433.0 0.021713881
10434.0 0.021664179
10435.0 0.021614356
10436.0 0.021564661
10437.0 0.021514843
10438.0 0.021465099
10439.0 0.02141536
10440.0 0.021365501
10441.0 0.021318864
10442.0 0.021272166
10443.0 0.021225453
10444.0 0.021178733
10445.0 0.021131948
10446.0 0.021085208
10447.0 0.02103846
10448.0 0.020991641
10449.0 0.020944875
10450.0 0.020897979
10451.0 0.02084846
10452.0 0.020798888
10453.0 0.020749319
10454.0 0.020699688
10455.0 0.020650126
10456.0 0.020600678
10457.0 0.020550998
10458.0 0.020501446
10459.0 0.02045189
10460.0 0.020402223
10461.0 0.020350566
10462.0 0.020298925
10463.0 0.020247292
10464.0 0.020195617
10465.0 0.020143955
10466.0 0.020092418
10467.0 0.020040728
10468.0 0.019989156
10469.0 0.01993749
10470.0 0.019885954
10471.0 0.019834172
10472.0 0.019782464
10473.0 0.019730656
10474.0 0.01967886
10475.0 0.019627076
10476.0 0.019575371
10477.0 0.019523613
10478.0 0.019471879
10479.0 0.019420153
10480.0 0.0193685
10481.0 0.019314791
10482.0 0.019261163
10483.0 0.019207389
10484.0 0.019153749
10485.0 0.019100082
10486.0 0.019046434
10487.0 0.018992878
10488.0 0.018939223
10489.0 0.018885714
10490.0 0.018832112
10491.0 0.018781416
10492.0 0.018730733
10493.0 0.018680234
10494.0 0.018629505
10495.0 0.018578908
10496.0 0.018528316
10497.0 0.01847756
10498.0 0.018426931
10499.0 0.018376305
10500.0 0.018325636
10501.0 0.018275926
10502.0 0.018226099
10503.0 0.018176335
10504.0 0.018126527
10505.0 0.018076713
10506.0 0.018026904
10507.0 0.017977105
10508.0 0.017927371
10509.0 0.017877524
10510.0 0.017827681
10511.0 0.017778698
10512.0 0.017729652
10513.0 0.017680673
10514.0 0.01763163
10515.0 0.017582589
10516.0 0.01753355
10517.0 0.017484507
10518.0 0.017435411
10519.0 0.017386371
10520.0 0.017337334
10521.0 0.017287656
10522.0 0.017238156
10523.0 0.017188537
10524.0 0.017138929
10525.0 0.017089319
10526.0 0.017039658
10527.0 0.016989997
10528.0 0.016940461
10529.0 0.016890871
10530.0 0.016841162
10531.0 0.016790223
10532.0 0.016739057
10533.0 0.016688138
10534.0 0.016637059
10535.0 0.016586046
10536.0 0.01653505
10537.0 0.016483947
10538.0 0.016433087
10539.0 0.016382011
10540.0 0.016331056
10541.0 0.016279526
10542.0 0.016227946
10543.0 0.016176497
10544.0 0.016124952
10545.0 0.016073535
10546.0 0.016022019
10547.0 0.015970519
10548.0 0.01591903
10549.0 0.015867621
10550.0 0.015816226
10551.0 0.015767097
10552.0 0.015717856
10553.0 0.015668795
10554.0 0.01561967
10555.0 0.015570551
10556.0 0.015521308
10557.0 0.015472247
10558.0 0.01542307
10559.0 0.015373893
10560.0 0.015324661
10561.0 0.015275672
10562.0 0.015226624
10563.0 0.015177517
10564.0 0.015128474
10565.0 0.015079424
10566.0 0.015030323
10567.0 0.014981275
10568.0 0.014932169
10569.0 0.014883063
10570.0 0.014833902
10571.0 0.014782839
10572.0 0.014731849
10573.0 0.014680809
10574.0 0.014629666
10575.0 0.014578656
10576.0 0.014527602
10577.0 0.014476555
10578.0 0.014425587
10579.0 0.014374511
10580.0 0.014323504
10581.0 0.014273073
10582.0 0.014222761
10583.0 0.014172406
10584.0 0.014121882
10585.0 0.014071597
10586.0 0.014021208
10587.0 0.013970765
10588.0 0.013920393
10589.0 0.013870148
10590.0 0.013819681
10591.0 0.013770106
10592.0 0.013720483
10593.0 0.013670923
10594.0 0.013621304
10595.0 0.013571747
10596.0 0.013522023
10597.0 0.013472477
10598.0 0.01342281
10599.0 0.01337321
10600.0 0.013323614
10601.0 0.013287908
10602.0 0.013252193
10603.0 0.013216492
10604.0 0.013180667
10605.0 0.013144958
10606.0 0.013109193
10607.0 0.013073434
10608.0 0.013037613
10609.0 0.013001908
10610.0 0.012966031
10611.0 0.01292901
10612.0 0.012892054
10613.0 0.01285499
10614.0 0.012818048
10615.0 0.012781002
10616.0 0.012743896
10617.0 0.012706926
10618.0 0.012669899
10619.0 0.01263282
10620.0 0.012595867
10621.0 0.012559994
10622.0 0.012524111
10623.0 0.012488237
10624.0 0.012452246
10625.0 0.012416378
10626.0 0.012380564
10627.0 0.012344572
10628.0 0.012308766
10629.0 0.012272781
10630.0 0.012236857
10631.0 0.012200445
10632.0 0.012164096
10633.0 0.012127688
10634.0 0.01209123
10635.0 0.012054834
10636.0 0.01201838
10637.0 0.011981991
10638.0 0.011945664
10639.0 0.011909228
10640.0 0.011872851
10641.0 0.011836426
10642.0 0.011800007
10643.0 0.011763532
10644.0 0.011727175
10645.0 0.011690711
10646.0 0.011654365
10647.0 0.011617907
10648.0 0.011581567
10649.0 0.011545061
10650.0 0.01150867
10651.0 0.01147212
10652.0 0.011435573
10653.0 0.011398852
10654.0 0.011362308
10655.0 0.011325778
10656.0 0.011289131
10657.0 0.011252609
10658.0 0.01121597
10659.0 0.011179455
10660.0 0.011142776
10661.0 0.011106416
10662.0 0.011069948
10663.0 0.01103354
10664.0 0.010997134
10665.0 0.010960682
10666.0 0.010924168
10667.0 0.010887722
10668.0 0.010851394
10669.0 0.010814834
10670.0 0.010778517
10671.0 0.010742388
10672.0 0.010706381
10673.0 0.010670205
10674.0 0.010634146
10675.0 0.010598085
10676.0 0.010561971
10677.0 0.010525912
10678.0 0.010489744
10679.0 0.010453691
10680.0 0.010417579
10681.0 0.010380693
10682.0 0.010343692
10683.0 0.010306759
10684.0 0.010269777
10685.0 0.010232802
10686.0 0.010196008
10687.0 0.010158991
10688.0 0.010122096
10689.0 0.010085151
10690.0 0.010048275
10691.0 0.010011734
10692.0 0.009975203
10693.0 0.009938732
10694.0 0.009902094
10695.0 0.009865628
10696.0 0.009829119
10697.0 0.009792544
10698.0 0.009756102
10699.0 0.009719542
10700.0 0.009683046
10701.0 0.009646332
10702.0 0.009609791
10703.0 0.009573078
10704.0 0.009536437
10705.0 0.009499855
10706.0 0.009463162
10707.0 0.009426479
10708.0 0.00938991
10709.0 0.009353296
10710.0 0.009316626
10711.0 0.009279146
10712.0 0.009241507
10713.0 0.009203942
10714.0 0.009166443
10715.0 0.009128961
10716.0 0.00909143
10717.0 0.009053918
10718.0 0.009016416
10719.0 0.008978866
10720.0 0.008941503
10721.0 0.008905025
10722.0 0.008868549
10723.0 0.008832137
10724.0 0.008795729
10725.0 0.008759209
10726.0 0.008722867
10727.0 0.008686353
10728.0 0.008649909
10729.0 0.008613462
10730.0 0.008577083
10731.0 0.008540619
10732.0 0.008504216
10733.0 0.008467818
10734.0 0.008431482
10735.0 0.008395039
10736.0 0.008358595
10737.0 0.008322213
10738.0 0.008285719
10739.0 0.00824935
10740.0 0.008212982
10741.0 0.008175959
10742.0 0.008139055
10743.0 0.008102047
10744.0 0.008065166
10745.0 0.008028178
10746.0 0.007991252
10747.0 0.007954341
10748.0 0.007917376
10749.0 0.007880479
10750.0 0.007843536
10751.0 0.00780783
10752.0 0.007772059
10753.0 0.007736231
10754.0 0.007700515
10755.0 0.007664742
10756.0 0.007628965
10757.0 0.007593131
10758.0 0.007557463
10759.0 0.007521568
10760.0 0.007485785
10761.0 0.00744888
10762.0 0.007412038
10763.0 0.007375088
10764.0 0.007338325
10765.0 0.007301396
10766.0 0.007264588
10767.0 0.007227733
10768.0 0.007190825
10769.0 0.007153986
10770.0 0.007117158
10771.0 0.007080636
10772.0 0.007044237
10773.0 0.007007723
10774.0 0.006971332
10775.0 0.006934775
10776.0 0.006898278
10777.0 0.006861844
10778.0 0.006825358
10779.0 0.006788876
10780.0 0.006752454
10781.0 0.006716274
10782.0 0.006680214
10783.0 0.006644094
10784.0 0.006608093
10785.0 0.006571971
10786.0 0.006535913
10787.0 0.00649985
10788.0 0.006463736
10789.0 0.006427563
10790.0 0.006391503
10791.0 0.00635531
10792.0 0.006319057
10793.0 0.00628287
10794.0 0.006246678
10795.0 0.006210551
10796.0 0.006174304
10797.0 0.006138003
10798.0 0.006101823
10799.0 0.006065636
10800.0 0.006029402
10801.0 0.005950892
10802.0 0.005872848
10803.0 0.005795329
10804.0 0.005718276
10805.0 0.005641742
10806.0 0.005565594
10807.0 0.005490033
10808.0 0.005414961
10809.0 0.005340317
10810.0 0.005266128
10811.0 0.005192132
10812.0 0.005118738
10813.0 0.005045644
10814.0 0.004973192
10815.0 0.00490119
10816.0 0.004829639
10817.0 0.004758675
10818.0 0.004688167
10819.0 0.004618103
10820.0 0.004548627
10821.0 0.004479491
10822.0 0.004410866
10823.0 0.004342759
10824.0 0.004275138
10825.0 0.004208017
10826.0 0.004141395
10827.0 0.004075265
10828.0 0.004009635
10829.0 0.003944496
10830.0 0.003879857
10831.0 0.00381589
10832.0 0.003752404
10833.0 0.003689409
10834.0 0.003626907
10835.0 0.003564892
10836.0 0.003503362
10837.0 0.003442337
10838.0 0.003381785
10839.0 0.003321732
10840.0 0.003262157
10841.0 0.003203309
10842.0 0.003144938
10843.0 0.003087044
10844.0 0.00302964
10845.0 0.002972713
10846.0 0.002916264
10847.0 0.002860298
10848.0 0.002804816
10849.0 0.002749806
10850.0 0.002695286
10851.0 0.002640944
10852.0 0.002587099
10853.0 0.002533749
10854.0 0.002480877
10855.0 0.002428513
10856.0 0.002376638
10857.0 0.002325264
10858.0 0.002274374
10859.0 0.002223978
10860.0 0.002174078
10861.0 0.002124765
10862.0 0.002075948
10863.0 0.002027621
10864.0 0.001979772
10865.0 0.001932418
10866.0 0.001885554
10867.0 0.001839173
10868.0 0.001793282
10869.0 0.001747869
10870.0 0.001702951
10871.0 0.001658551
10872.0 0.001614656
10873.0 0.001571225
10874.0 0.001528299
10875.0 0.001485842
10876.0 0.001443878
10877.0 0.001402395
10878.0 0.001361399
10879.0 0.00132089
10880.0 0.001280862
10881.0 0.00124128
10882.0 0.00120217
10883.0 0.001163561
10884.0 0.001125443
10885.0 0.001087808
10886.0 0.001050657
10887.0 0.001013995
10888.0 0.000977824
10889.0 0.000942135
10890.0 0.000906942
10891.0 0.000872195
10892.0 0.00083794
10893.0 0.000804178
10894.0 0.000770901
10895.0 0.00073811
10896.0 0.000705816
10897.0 0.000674008
10898.0 0.000642692
10899.0 0.000611866
10900.0 0.000581531
10901.0 0.000551722
10902.0 0.000522396
10903.0 0.000493558
10904.0 0.000465204
10905.0 0.000437336
10906.0 0.000409952
10907.0 0.000383055
10908.0 0.000356641
10909.0 0.000330713
10910.0 0.00030527
10911.0 0.000280286
10912.0 0.000255791
10913.0 0.000231787
10914.0 0.000208271
10915.0 0.000185245
10916.0 0.000162708
10917.0 0.00014066
10918.0 0.0001191
10919.0 9.8e-05
10920.0 7.74e-05
10921.0 5.74e-05
